[Faces]
0, 1, 2
0, 3, 4
5, 6, 7
8, 5, 9
10, 11, 12
13, 14, 10
15, 16, 17
15, 18, 19
20, 21, 22
22, 23, 24
25, 26, 27
26, 28, 29
30, 31, 32
33, 34, 35
36, 37, 38
39, 40, 36
41, 42, 43
42, 44, 45
46, 47, 48
47, 49, 50
51, 52, 53
51, 54, 55
56, 57, 58
59, 56, 60
61, 62, 63
61, 64, 65
66, 67, 68
66, 69, 70
71, 72, 73
71, 74, 75
76, 77, 78
79, 80, 81
79, 82, 83
84, 85, 86
84, 87, 85
88, 89, 90
90, 91, 88
88, 92, 89
90, 93, 91
90, 89, 94
95, 96, 97
95, 97, 98
99, 95, 100
95, 101, 96
95, 98, 100
102, 103, 104
102, 105, 106
102, 107, 108
102, 106, 103
102, 108, 105
102, 104, 107
109, 110, 111
109, 111, 112
109, 113, 114
109, 114, 115
109, 115, 110
109, 116, 113
109, 112, 116
117, 118, 119
118, 120, 121
118, 122, 119
118, 121, 122
0, 2, 3
2, 123, 124
2, 1, 123
2, 124, 3
4, 125, 126
4, 127, 125
0, 4, 126
4, 3, 127
128, 129, 130
128, 126, 129
128, 130, 1
128, 0, 126
131, 132, 133
131, 134, 132
131, 133, 135
136, 137, 138
136, 135, 137
136, 138, 139
140, 141, 142
140, 143, 141
140, 142, 144
145, 146, 147
145, 148, 146
145, 147, 143
149, 144, 150
149, 150, 151
152, 151, 153
152, 153, 134
154, 5, 155
155, 7, 156
154, 9, 5
155, 157, 158
5, 7, 155
155, 158, 154
155, 156, 157
159, 160, 161
159, 162, 163
159, 163, 164
159, 161, 165
159, 166, 162
159, 165, 166
159, 164, 160
167, 168, 169
167, 170, 168
167, 169, 171
172, 173, 174
172, 174, 175
172, 176, 173
177, 175, 178
177, 178, 179
177, 179, 180
181, 182, 183
181, 183, 184
181, 180, 182
185, 186, 170
185, 187, 186
185, 188, 187
189, 190, 191
189, 191, 192
189, 192, 188
193, 184, 194
193, 194, 195
193, 195, 196
197, 198, 199
197, 200, 198
197, 196, 200
201, 202, 203
201, 204, 202
201, 203, 205
206, 207, 208
206, 205, 207
206, 208, 190
209, 210, 204
209, 211, 210
209, 212, 211
213, 214, 215
213, 199, 214
213, 215, 216
217, 218, 219
217, 219, 220
217, 220, 212
221, 121, 222
221, 223, 121
221, 224, 223
221, 222, 224
225, 223, 226
225, 122, 223
225, 226, 227
225, 227, 122
228, 229, 230
228, 230, 231
228, 231, 232
233, 234, 235
233, 236, 234
233, 235, 237
238, 239, 240
238, 240, 241
238, 241, 242
243, 244, 245
243, 242, 244
243, 245, 229
246, 247, 248
246, 249, 250
246, 250, 247
246, 251, 252
246, 248, 251
246, 252, 249
253, 249, 252
253, 254, 255
253, 252, 254
253, 256, 249
257, 258, 259
257, 260, 258
257, 259, 261
262, 263, 264
262, 265, 263
262, 264, 236
266, 255, 267
266, 267, 268
266, 268, 265
269, 270, 260
269, 271, 270
269, 232, 271
272, 273, 274
273, 275, 276
273, 277, 278
273, 278, 275
273, 276, 274
279, 34, 280
279, 281, 282
279, 283, 281
279, 282, 34
279, 284, 283
279, 285, 284
279, 280, 285
286, 50, 287
286, 287, 288
286, 288, 289
290, 291, 292
290, 293, 291
290, 292, 294
290, 294, 295
290, 295, 293
296, 297, 298
296, 292, 299
296, 300, 297
296, 301, 300
296, 299, 301
296, 298, 292
302, 29, 300
302, 303, 304
302, 305, 303
302, 304, 306
302, 306, 29
302, 301, 305
302, 300, 301
307, 308, 309
307, 309, 93
307, 93, 90
307, 310, 308
307, 94, 310
307, 90, 94
311, 312, 313
311, 313, 314
311, 237, 312
315, 316, 317
315, 318, 316
315, 317, 319
320, 321, 322
320, 314, 321
320, 322, 318
323, 324, 239
323, 325, 324
323, 326, 325
327, 328, 329
327, 329, 330
327, 330, 326
331, 332, 333
331, 333, 334
331, 335, 332
336, 337, 338
336, 338, 328
336, 339, 337
340, 341, 218
340, 342, 341
340, 343, 342
344, 319, 345
344, 345, 346
344, 346, 347
348, 349, 350
348, 351, 349
348, 350, 343
352, 353, 351
352, 354, 353
352, 347, 354
355, 356, 357
355, 357, 358
355, 334, 356
359, 358, 360
359, 360, 361
359, 361, 339
362, 22, 363
362, 20, 22
20, 362, 364
365, 366, 367
365, 368, 366
365, 367, 369
370, 371, 372
370, 373, 371
370, 372, 374
375, 376, 148
375, 377, 376
375, 374, 377
378, 74, 379
378, 379, 380
378, 380, 381
382, 383, 373
382, 384, 383
382, 385, 384
386, 387, 388
386, 389, 387
386, 388, 368
390, 364, 391
390, 391, 392
390, 392, 393
394, 395, 396
394, 397, 395
394, 396, 385
398, 399, 397
398, 400, 399
398, 393, 400
401, 402, 403
401, 403, 404
401, 381, 402
405, 404, 406
405, 406, 407
405, 407, 389
408, 409, 410
408, 410, 411
408, 411, 176
412, 413, 414
412, 415, 413
412, 171, 415
416, 417, 418
416, 418, 409
416, 419, 417
420, 421, 422
420, 422, 423
420, 369, 421
424, 425, 426
424, 423, 425
424, 426, 419
427, 428, 429
427, 430, 428
427, 431, 430
432, 414, 433
432, 433, 434
432, 434, 431
435, 436, 437
435, 438, 439
435, 440, 441
435, 439, 442
435, 442, 440
435, 437, 438
435, 443, 436
435, 441, 443
444, 445, 446
447, 448, 445
447, 444, 449
447, 445, 444
450, 451, 452
450, 447, 449
453, 454, 446
455, 456, 457
455, 453, 458
459, 451, 450
460, 461, 462
463, 455, 457
464, 460, 462
465, 454, 453
466, 467, 468
469, 467, 466
469, 466, 470
471, 472, 473
474, 475, 476
474, 476, 477
478, 18, 479
480, 481, 482
483, 18, 478
483, 480, 482
483, 482, 18
484, 485, 486
487, 484, 486
488, 489, 490
488, 491, 492
488, 493, 491
494, 495, 496
497, 498, 499
500, 497, 501
500, 498, 497
502, 500, 501
11, 14, 503
504, 505, 506
504, 506, 507
504, 508, 505
504, 507, 509
510, 508, 504
510, 504, 509
511, 512, 510
511, 510, 509
513, 512, 511
514, 515, 516
514, 516, 517
514, 518, 515
519, 520, 514
519, 514, 517
521, 520, 522
521, 514, 520
521, 518, 514
523, 524, 525
523, 525, 522
10, 14, 11
526, 522, 520
526, 523, 522
527, 523, 526
12, 11, 528
10, 12, 526
12, 528, 527
12, 527, 526
529, 530, 531
529, 531, 532
533, 534, 535
536, 535, 537
538, 532, 531
538, 537, 532
538, 536, 537
539, 540, 541
539, 541, 542
543, 540, 539
544, 539, 545
544, 546, 547
544, 543, 539
544, 547, 543
548, 535, 534
548, 537, 535
548, 534, 549
550, 549, 551
550, 548, 549
550, 537, 548
550, 532, 537
552, 536, 538
552, 553, 536
554, 553, 552
555, 538, 531
555, 552, 538
556, 554, 552
556, 552, 555
557, 546, 544
557, 544, 545
557, 545, 558
559, 558, 545
560, 559, 561
562, 559, 560
562, 558, 559
562, 560, 563
564, 565, 566
564, 567, 565
564, 568, 567
569, 568, 564
569, 564, 566
570, 115, 571
570, 569, 566
570, 566, 572
570, 571, 569
572, 115, 570
573, 441, 574
573, 574, 575
576, 82, 577
576, 577, 578
579, 580, 581
579, 582, 580
583, 584, 585
586, 587, 588
589, 587, 586
590, 587, 589
591, 592, 593
594, 591, 593
595, 591, 594
596, 590, 589
597, 598, 599
597, 600, 598
601, 602, 603
601, 604, 602
601, 603, 605
606, 607, 608
606, 608, 609
610, 609, 611
610, 612, 606
610, 606, 609
613, 612, 610
614, 615, 616
614, 617, 618
619, 616, 620
619, 614, 616
621, 611, 609
622, 623, 621
624, 608, 607
625, 619, 620
626, 617, 614
626, 614, 619
626, 619, 625
627, 628, 629
627, 626, 625
630, 626, 627
630, 617, 626
630, 627, 629
631, 625, 620
632, 633, 634
632, 635, 633
632, 631, 635
636, 628, 627
636, 627, 625
636, 625, 631
636, 631, 632
637, 632, 634
637, 636, 632
638, 639, 640
641, 639, 638
642, 643, 640
642, 640, 639
644, 642, 639
644, 645, 646
647, 644, 646
647, 642, 644
648, 649, 643
648, 643, 642
648, 650, 651
648, 647, 650
648, 642, 647
648, 651, 649
652, 615, 614
652, 653, 615
652, 614, 618
654, 652, 655
654, 655, 656
654, 653, 652
657, 640, 643
658, 657, 643
658, 643, 649
659, 657, 658
659, 660, 657
661, 662, 663
661, 664, 662
665, 666, 664
665, 664, 661
667, 668, 669
667, 669, 670
671, 672, 673
671, 667, 670
671, 670, 672
674, 675, 676
674, 659, 675
674, 673, 672
674, 660, 659
674, 672, 660
677, 605, 603
678, 677, 603
679, 677, 678
680, 679, 678
681, 682, 683
684, 679, 680
685, 686, 687
688, 604, 601
688, 686, 685
689, 688, 601
689, 690, 691
689, 601, 605
689, 605, 690
689, 691, 692
689, 686, 688
689, 692, 686
693, 694, 695
696, 697, 698
699, 696, 698
699, 698, 700
701, 696, 699
702, 694, 693
702, 693, 703
704, 705, 700
704, 703, 705
704, 702, 703
706, 698, 697
706, 704, 700
706, 700, 698
707, 708, 709
707, 709, 710
711, 701, 699
711, 712, 701
713, 714, 715
713, 716, 714
717, 699, 700
717, 700, 705
717, 705, 718
719, 720, 711
719, 717, 718
719, 718, 721
719, 711, 699
719, 699, 717
722, 723, 724
725, 723, 722
726, 725, 722
727, 723, 725
727, 728, 723
729, 728, 727
730, 728, 729
731, 732, 733
734, 735, 736
734, 731, 735
737, 738, 736
737, 736, 735
739, 740, 741
739, 737, 740
739, 738, 737
739, 742, 738
743, 739, 741
743, 742, 739
743, 744, 742
745, 743, 746
745, 744, 743
747, 722, 724
747, 724, 748
749, 694, 702
750, 747, 749
750, 704, 706
750, 702, 704
750, 749, 702
751, 697, 726
751, 747, 750
751, 722, 747
751, 726, 722
751, 706, 697
751, 750, 706
752, 720, 719
752, 753, 720
752, 721, 754
752, 719, 721
755, 661, 663
755, 665, 661
756, 755, 757
756, 665, 755
758, 732, 731
758, 734, 756
758, 731, 734
758, 756, 757
759, 760, 761
762, 729, 759
762, 730, 729
763, 764, 730
763, 765, 764
763, 730, 762
766, 763, 762
767, 768, 769
767, 770, 768
771, 761, 760
772, 761, 771
773, 772, 771
774, 775, 776
774, 772, 773
774, 776, 772
777, 766, 762
778, 779, 777
778, 759, 761
778, 762, 759
778, 777, 762
780, 781, 782
780, 782, 783
784, 785, 786
784, 787, 785
788, 774, 773
789, 775, 774
789, 790, 775
789, 774, 788
791, 789, 788
791, 790, 789
791, 788, 787
791, 787, 784
430, 431, 434
792, 430, 434
417, 426, 793
419, 426, 417
794, 630, 629
795, 618, 617
796, 617, 630
796, 795, 617
796, 630, 794
797, 793, 798
799, 637, 800
799, 800, 792
799, 628, 636
799, 636, 637
801, 629, 628
801, 802, 629
803, 792, 434
803, 434, 801
803, 801, 628
803, 628, 799
803, 799, 792
804, 800, 637
804, 805, 800
804, 637, 634
806, 805, 804
806, 804, 634
807, 797, 607
807, 606, 612
807, 607, 606
808, 417, 793
808, 797, 807
808, 793, 797
809, 807, 612
809, 808, 807
809, 418, 417
809, 417, 808
810, 613, 610
810, 610, 611
811, 418, 809
811, 612, 613
811, 809, 612
410, 418, 811
409, 418, 410
812, 623, 813
812, 810, 611
812, 611, 621
812, 621, 623
814, 607, 797
814, 624, 607
815, 624, 814
816, 815, 814
816, 797, 798
816, 814, 797
817, 818, 819
820, 821, 822
820, 823, 821
824, 825, 826
827, 828, 829
827, 830, 828
831, 832, 833
834, 825, 824
835, 836, 822
835, 822, 821
837, 831, 833
838, 821, 839
838, 835, 821
840, 825, 834
840, 837, 833
841, 842, 843
844, 837, 840
844, 840, 834
844, 842, 841
844, 834, 842
845, 846, 847
848, 849, 823
848, 823, 820
848, 820, 850
851, 852, 826
853, 852, 851
853, 846, 845
853, 851, 846
854, 855, 856
857, 852, 853
857, 854, 856
857, 856, 852
858, 835, 838
859, 839, 860
859, 858, 838
859, 838, 839
861, 862, 836
863, 835, 858
863, 836, 835
863, 861, 836
864, 848, 850
865, 866, 849
865, 849, 848
865, 848, 864
867, 850, 868
864, 850, 867
869, 845, 847
870, 866, 865
871, 872, 873
874, 875, 876
874, 877, 875
878, 879, 880
881, 857, 853
882, 881, 878
882, 857, 881
883, 884, 885
883, 865, 864
886, 884, 883
886, 864, 867
886, 883, 864
887, 888, 889
389, 407, 387
890, 888, 887
402, 380, 891
381, 380, 402
393, 392, 400
892, 400, 392
385, 396, 384
893, 894, 895
893, 895, 896
897, 894, 892
898, 899, 887
898, 887, 889
900, 901, 869
900, 869, 847
902, 889, 866
902, 898, 889
902, 866, 870
902, 870, 903
904, 847, 895
904, 897, 900
904, 895, 894
904, 894, 897
904, 900, 847
905, 892, 392
905, 897, 892
906, 900, 897
906, 901, 900
906, 897, 905
907, 908, 901
907, 901, 906
909, 832, 831
910, 888, 890
910, 890, 911
912, 913, 893
912, 893, 896
914, 832, 909
914, 912, 832
915, 396, 916
915, 384, 396
917, 913, 912
917, 912, 914
917, 915, 916
917, 916, 913
918, 387, 407
918, 407, 899
918, 899, 898
919, 898, 902
919, 902, 903
919, 918, 898
873, 919, 903
920, 910, 911
921, 859, 860
921, 860, 910
921, 910, 920
922, 891, 380
922, 911, 891
922, 920, 911
923, 837, 844
924, 831, 837
924, 837, 923
925, 926, 927
925, 927, 863
925, 863, 858
928, 924, 923
929, 487, 486
930, 931, 932
930, 932, 933
934, 487, 929
935, 930, 933
935, 933, 936
937, 917, 914
938, 937, 935
938, 935, 936
938, 915, 917
938, 917, 937
939, 940, 941
939, 921, 920
942, 940, 939
942, 939, 920
942, 920, 922
943, 581, 580
944, 584, 945
943, 946, 581
947, 585, 584
947, 584, 944
947, 944, 948
949, 944, 945
950, 948, 944
950, 949, 951
950, 952, 948
950, 944, 949
953, 486, 485
954, 486, 953
954, 926, 929
954, 929, 486
955, 928, 923
955, 956, 928
955, 957, 956
958, 932, 931
958, 931, 956
959, 960, 961
959, 956, 957
959, 958, 956
959, 961, 958
962, 960, 959
957, 962, 959
963, 964, 586
963, 586, 588
965, 817, 862
965, 818, 817
966, 967, 968
966, 818, 965
969, 970, 829
969, 829, 828
971, 963, 972
971, 964, 963
971, 969, 964
973, 841, 843
974, 970, 969
974, 969, 971
974, 973, 843
974, 843, 970
975, 954, 953
976, 927, 926
976, 975, 977
976, 954, 975
976, 926, 954
978, 975, 953
979, 980, 962
979, 962, 957
981, 957, 955
981, 979, 957
982, 952, 950
983, 979, 981
983, 981, 982
983, 950, 951
983, 980, 979
983, 951, 980
983, 982, 950
984, 975, 978
984, 978, 985
984, 986, 977
984, 977, 975
984, 987, 986
988, 943, 580
988, 987, 943
989, 988, 990
989, 986, 987
989, 987, 988
991, 971, 972
991, 973, 974
991, 974, 971
992, 973, 991
993, 992, 991
993, 952, 992
993, 948, 952
993, 991, 972
994, 862, 861
994, 965, 862
995, 967, 966
995, 966, 965
995, 990, 967
995, 965, 994
996, 994, 861
996, 977, 986
996, 986, 989
997, 994, 996
997, 989, 990
997, 995, 994
997, 990, 995
997, 996, 989
998, 999, 1000
1001, 998, 1000
1001, 1000, 1002
1003, 999, 998
1004, 1002, 1000
1004, 695, 1002
1004, 1000, 999
1004, 999, 1005
1006, 1005, 1007
1006, 1004, 1005
1006, 695, 1004
1006, 693, 695
1008, 1009, 1007
1008, 1007, 1005
1010, 999, 1003
1010, 1005, 999
1010, 1003, 1011
1010, 1008, 1005
1012, 1008, 1010
1012, 1011, 1013
1012, 1013, 1014
1012, 1010, 1011
1015, 1016, 1017
1018, 1015, 1017
1019, 1018, 1020
1021, 1022, 1023
1021, 1015, 1018
1021, 1018, 1019
1024, 1016, 1015
1024, 1025, 1016
1026, 1027, 1025
1026, 1025, 1024
1028, 1026, 1024
1029, 1030, 1028
1031, 1030, 1029
1029, 1028, 1024
1029, 1024, 1015
1032, 1021, 1023
1032, 1029, 1015
1032, 1015, 1021
1032, 1023, 1031
1032, 1031, 1029
1033, 1011, 1003
1033, 1013, 1011
1034, 1013, 1033
1035, 1016, 1025
1036, 827, 855
1036, 830, 827
1036, 1035, 830
1037, 819, 1034
1038, 1018, 1017
1038, 1020, 1018
1039, 1020, 1038
1040, 1016, 1035
1040, 1035, 1036
1040, 1038, 1017
1040, 1017, 1016
1041, 855, 854
1041, 1039, 1038
1041, 1038, 1040
1041, 1036, 855
1041, 1040, 1036
1041, 854, 1039
1042, 590, 596
1042, 1043, 1044
1045, 1026, 1028
1046, 1008, 1012
1046, 1012, 1014
1047, 1042, 596
1047, 1043, 1042
1048, 1045, 1047
1048, 1027, 1026
1048, 1026, 1045
1048, 596, 1027
1048, 1047, 596
1049, 1028, 1030
1049, 1045, 1028
1050, 1047, 1045
1050, 1043, 1047
1050, 1045, 1049
1051, 1050, 1049
1051, 1043, 1050
1052, 998, 1053
1052, 1003, 998
1052, 1033, 1003
1054, 1034, 1033
1054, 1037, 1034
1054, 1033, 1052
1055, 1054, 1052
1055, 1052, 1053
1056, 1054, 1055
1056, 867, 868
1056, 868, 1037
1056, 1037, 1054
1057, 1046, 1014
1057, 1014, 595
1058, 595, 594
1058, 1059, 1060
1058, 1060, 1057
1058, 1057, 595
1061, 1009, 1008
1061, 1008, 1046
1062, 1046, 1057
1062, 1057, 1060
1062, 1061, 1046
1063, 1061, 1062
1064, 1063, 1062
1064, 1062, 1060
1065, 1064, 1060
1066, 1065, 1060
1066, 1060, 1059
1067, 1065, 1066
1067, 1068, 1065
1069, 1044, 1043
1070, 1044, 1069
1070, 1069, 1071
1072, 587, 590
1073, 594, 593
1074, 592, 968
1074, 593, 592
1075, 588, 587
1075, 587, 1072
19, 934, 16
19, 487, 934
15, 19, 16
479, 15, 1076
479, 18, 15
1077, 936, 933
1078, 1077, 933
1078, 490, 1079
1078, 1079, 1077
1078, 933, 932
1080, 936, 1077
1081, 1077, 1079
1081, 1080, 1077
1081, 1079, 376
372, 1080, 1081
377, 372, 1081
377, 374, 372
377, 1081, 376
1082, 1083, 1084
1082, 72, 1083
15, 17, 1076
17, 941, 940
17, 16, 941
73, 17, 940
73, 72, 1082
73, 1076, 17
73, 1082, 1076
1085, 908, 907
1085, 1086, 908
1085, 1087, 1086
1088, 805, 806
1089, 1088, 806
1090, 1088, 1089
1090, 1086, 1087
1091, 1086, 1090
1091, 1092, 1086
1091, 1090, 1089
1093, 805, 1088
1093, 1088, 1090
1094, 1090, 1087
1094, 1093, 1090
363, 1094, 1087
24, 1095, 1093
24, 1093, 1094
24, 1094, 363
22, 24, 363
23, 1095, 24
421, 1096, 1097
367, 1096, 421
369, 367, 421
21, 23, 22
1098, 1023, 1022
1098, 745, 746
1099, 1098, 1022
1099, 745, 1098
1100, 1099, 1022
1100, 1021, 1019
1100, 1022, 1021
1101, 1019, 1020
1102, 882, 878
1103, 1102, 878
1103, 878, 880
1104, 1102, 1103
1105, 1091, 1089
1106, 1103, 880
1106, 1105, 1107
1108, 879, 1092
1108, 1092, 1091
1108, 1105, 1106
1108, 1091, 1105
1108, 880, 879
1108, 1106, 880
1109, 1110, 1111
1109, 684, 1110
1112, 677, 679
1113, 677, 1112
1114, 1115, 337
1116, 1114, 1117
1116, 1117, 1118
361, 1114, 337
339, 361, 337
1119, 1118, 1117
1119, 1120, 1118
1119, 682, 1120
1121, 1122, 683
1123, 683, 682
1123, 682, 1119
1123, 1121, 683
356, 333, 1122
356, 1122, 1121
334, 333, 356
1124, 1125, 1126
1127, 1125, 1124
1128, 1109, 350
1128, 684, 1109
1129, 679, 684
1129, 1112, 679
1129, 684, 1128
1130, 1127, 1113
1130, 1113, 1112
1130, 1112, 1129
346, 1125, 354
346, 1126, 1125
347, 346, 354
342, 350, 1109
342, 1109, 1111
343, 350, 342
341, 342, 1111
1131, 1114, 1116
1131, 1115, 1114
1132, 1118, 1120
1133, 1118, 1132
1134, 1131, 1116
1134, 1118, 1133
1134, 1116, 1118
1134, 1135, 1131
1134, 1136, 1135
1134, 1133, 1136
325, 330, 1137
325, 326, 330
322, 316, 318
1138, 322, 1139
1138, 316, 322
1138, 1139, 1140
1141, 1137, 330
1142, 1140, 1143
1144, 1145, 1146
1147, 1115, 1131
1147, 1131, 1135
1148, 1145, 1144
1148, 1144, 1147
1148, 1147, 1135
1149, 1124, 1126
1150, 1142, 1143
1150, 1149, 1142
1151, 1124, 1149
1151, 1150, 1152
1151, 1152, 1153
1151, 1149, 1150
1154, 677, 1113
1154, 605, 677
1154, 690, 605
1155, 1151, 1153
1155, 690, 1154
1155, 691, 690
1156, 1154, 1113
1156, 1124, 1151
1156, 1127, 1124
1156, 1113, 1127
1156, 1155, 1154
1156, 1151, 1155
1157, 1158, 1159
1160, 492, 491
1161, 1160, 491
1162, 1159, 1158
1163, 1164, 481
1165, 1157, 1166
1165, 1158, 1157
1167, 1168, 1169
1170, 1171, 1172
1170, 1172, 1168
1170, 1168, 1167
1173, 1167, 1169
1174, 1175, 1176
1177, 1178, 1179
1180, 1181, 1178
1180, 1178, 1177
1182, 1179, 1183
1184, 1177, 1179
1184, 1179, 1182
1185, 582, 579
1186, 583, 585
1187, 1186, 1188
1187, 583, 1186
1189, 1185, 579
1190, 1182, 1183
1190, 1183, 1191
1192, 1187, 1188
1192, 1190, 1191
1192, 1191, 1187
1193, 1190, 1192
1194, 1195, 1196
1197, 1198, 1181
1199, 1197, 1181
1200, 1181, 1180
1200, 1199, 1181
1201, 949, 945
1201, 945, 1198
1201, 951, 949
1201, 1198, 1197
1202, 1199, 1203
1202, 1197, 1199
1202, 1201, 1197
1204, 1175, 1174
1205, 1185, 1189
1205, 1189, 1206
1205, 1207, 1185
1208, 1206, 1175
1208, 1175, 1204
1208, 1209, 1205
1208, 1205, 1206
1210, 1211, 1212
1213, 1210, 1212
1214, 1203, 1215
1214, 1202, 1203
1216, 1202, 1214
1217, 1196, 946
1218, 1217, 1219
1218, 1194, 1196
1218, 1196, 1217
1220, 1218, 1219
1221, 1220, 1219
1221, 1219, 1222
1223, 943, 987
1223, 946, 943
1223, 984, 985
1223, 987, 984
1224, 1219, 1217
1224, 1222, 1219
1225, 1217, 946
1225, 1224, 1217
1225, 985, 1224
1225, 1223, 985
1225, 946, 1223
1226, 1222, 1224
1226, 985, 978
1226, 1224, 985
1227, 978, 953
1227, 1226, 978
1227, 1222, 1226
1227, 953, 485
1228, 1221, 1222
1228, 1222, 1227
1229, 960, 962
1230, 1229, 962
1230, 962, 980
1231, 1176, 1195
1231, 1232, 1174
1231, 1174, 1176
1233, 1231, 1195
1233, 1234, 85
1233, 1195, 1194
1233, 1194, 1234
1233, 87, 1231
1233, 85, 87
1235, 1234, 1194
1235, 1194, 1218
1235, 1218, 1220
1236, 1237, 1235
1236, 1235, 1220
1238, 1199, 1200
1238, 1203, 1199
1239, 1215, 1203
1239, 1203, 1238
1239, 1238, 310
1240, 1235, 1237
1240, 1234, 1235
1240, 309, 1234
309, 85, 1234
308, 310, 1238
308, 1200, 86
308, 85, 309
308, 1238, 1200
308, 86, 85
1241, 1229, 1230
1241, 1230, 1242
1243, 1221, 1228
1244, 1164, 1162
1245, 1166, 1161
1246, 1216, 1214
1246, 1242, 1216
1247, 1245, 1241
1247, 1166, 1245
1247, 1242, 1246
1247, 1241, 1242
1248, 1214, 1215
1248, 1246, 1214
1249, 1165, 1166
1249, 1246, 1248
1249, 1247, 1246
1249, 1166, 1247
1250, 493, 961
1250, 961, 960
1250, 960, 1229
1251, 1241, 1245
1251, 1245, 1161
1251, 1229, 1241
1251, 1250, 1229
1252, 1161, 491
1252, 1250, 1251
1252, 1251, 1161
1252, 493, 1250
1252, 491, 493
94, 1215, 1239
94, 1239, 310
1253, 1243, 1244
1253, 1244, 1162
1254, 1220, 1221
1254, 1236, 1220
1254, 1243, 1253
1254, 1221, 1243
1255, 1254, 1253
1255, 1236, 1254
1255, 1237, 1236
1256, 1162, 1158
1256, 1255, 1253
1256, 1253, 1162
1257, 1255, 1256
1257, 1256, 1158
93, 309, 1240
93, 1240, 1237
1258, 1228, 1227
1258, 1227, 485
1259, 1258, 485
1259, 485, 484
1260, 1258, 1259
1260, 481, 1164
1260, 482, 481
1260, 1259, 482
1261, 1164, 1244
1261, 1260, 1164
1261, 1258, 1260
1261, 1244, 1243
1261, 1228, 1258
1261, 1243, 1228
1262, 573, 575
1262, 575, 1263
1264, 1265, 1266
1267, 1262, 1263
1267, 1263, 1268
1267, 577, 1262
1267, 578, 577
1269, 1270, 1268
1269, 1268, 1263
1271, 575, 574
1272, 1265, 1264
1272, 1264, 1269
1272, 1263, 575
1272, 1269, 1263
1273, 1266, 1274
1275, 1273, 27
1276, 1269, 1264
1276, 1273, 1275
1276, 1264, 1266
1276, 1266, 1273
1276, 1270, 1269
1276, 1275, 1270
83, 1277, 1278
1279, 1277, 83
1279, 82, 576
1279, 83, 82
1279, 1280, 1277
1281, 1282, 1283
1284, 1282, 1281
1284, 1281, 1285
1284, 1285, 78
1286, 1281, 1283
1286, 1283, 1287
1288, 1273, 1274
1288, 27, 1273
1289, 27, 1288
1290, 1285, 1281
1290, 1281, 1286
1290, 1288, 1274
1290, 1274, 1285
440, 574, 441
1271, 439, 1265
1271, 1265, 1272
1271, 1272, 575
442, 439, 1271
442, 1271, 574
442, 574, 440
1291, 1292, 1293
1291, 77, 1292
1294, 1282, 1284
1295, 1296, 1294
1295, 1291, 1296
1295, 77, 1291
1295, 78, 77
1295, 1284, 78
1295, 1294, 1284
1297, 1279, 576
1298, 1297, 1299
1298, 1299, 1300
1298, 1279, 1297
1298, 1280, 1279
1301, 1289, 1288
1301, 1288, 1290
1301, 1302, 1289
1301, 1290, 1286
1303, 1287, 1304
1303, 1305, 1302
1303, 1302, 1301
1303, 1286, 1287
1303, 1301, 1286
1306, 1293, 1278
1306, 1278, 1277
1307, 1293, 1306
1307, 1291, 1293
1307, 1296, 1291
1308, 1280, 1298
1309, 1280, 1308
1309, 1310, 1311
1312, 1287, 1283
1312, 1304, 1287
1313, 1312, 1283
1313, 1314, 1315
1313, 1283, 1282
1316, 1317, 1311
1318, 1317, 1316
1318, 1319, 1320
1318, 1320, 1317
1321, 1318, 1316
1321, 1322, 1323
1321, 1316, 1322
1321, 1323, 1324
1325, 1314, 1319
1325, 1321, 1324
1325, 1319, 1318
1325, 1318, 1321
300, 29, 297
28, 297, 29
1326, 28, 1327
1328, 297, 28
1328, 28, 1326
1275, 26, 306
26, 29, 306
1329, 578, 1267
1329, 1267, 1268
1330, 1329, 1268
1331, 1330, 1268
1331, 1268, 1270
1332, 1275, 306
1332, 306, 304
1332, 1331, 1270
1332, 1270, 1275
1330, 304, 303
305, 1333, 303
1334, 1335, 1336
1337, 1338, 1334
1339, 1336, 1340
1339, 1337, 1334
1339, 1340, 1341
1339, 1334, 1336
1339, 1342, 1337
1339, 1341, 1342
1343, 1067, 1066
1344, 1345, 1346
1347, 1348, 1349
1347, 1349, 1345
1347, 1345, 1344
1347, 1343, 1348
1350, 1067, 1343
1350, 1347, 1344
1350, 1344, 1351
1350, 1343, 1347
1352, 1334, 1338
1352, 1338, 1353
1354, 1192, 1188
1354, 1193, 1192
1355, 1209, 1352
1355, 1352, 1353
1355, 1205, 1209
1355, 1207, 1205
1356, 1185, 1207
1357, 1356, 1207
1358, 1359, 1188
1358, 1188, 1186
1360, 1359, 1358
1360, 588, 1075
1361, 1210, 1213
1362, 1193, 1354
1362, 1213, 1193
1362, 1361, 1213
1363, 1361, 1362
1364, 1342, 1365
1364, 1337, 1342
1364, 1365, 1366
1364, 1367, 1338
1364, 1338, 1337
1368, 1366, 1346
1368, 1367, 1364
1368, 1346, 1345
1368, 1364, 1366
1369, 1367, 1368
1369, 1368, 1345
1369, 1345, 1349
1370, 1073, 593
1370, 593, 1074
1371, 1372, 1356
1371, 1356, 1357
1371, 1074, 1372
1371, 1370, 1074
1373, 1374, 1375
1376, 1373, 1377
1378, 1075, 1072
1379, 1359, 1360
1379, 1075, 1378
1379, 1360, 1075
1380, 1381, 1374
1382, 1373, 1376
1382, 1374, 1373
1382, 1380, 1374
1383, 1072, 590
1383, 1378, 1072
1384, 1383, 1380
1384, 1380, 1382
1384, 1378, 1383
1385, 1369, 1349
1386, 1385, 1349
1386, 1349, 1348
1387, 1073, 1370
1388, 1387, 1385
1388, 1385, 1386
1388, 594, 1073
1388, 1073, 1387
1389, 1329, 1330
1389, 1330, 303
1389, 303, 1333
1389, 1333, 1390
1391, 1389, 1390
1391, 1329, 1389
1392, 1391, 1390
1392, 1393, 1391
1394, 1390, 1333
1395, 1390, 1394
1395, 1392, 1390
1396, 1394, 1333
1396, 305, 301
1396, 1333, 305
299, 1396, 301
1397, 1396, 299
1398, 1328, 1326
1398, 1326, 1399
298, 1328, 1398
298, 297, 1328
1400, 1401, 1397
1400, 1397, 299
1402, 1403, 1395
1402, 1395, 1394
1404, 1394, 1396
1404, 1402, 1394
1404, 1396, 1397
1405, 1402, 1404
1405, 1397, 1401
1405, 1404, 1397
292, 1400, 299
294, 298, 1398
294, 292, 298
291, 1406, 1401
291, 293, 1406
291, 1400, 292
291, 1401, 1400
1407, 1401, 1406
1407, 1405, 1401
1408, 293, 295
1409, 1406, 293
1409, 293, 1408
1410, 1335, 1411
1412, 294, 1398
1412, 295, 294
1412, 1398, 1399
1413, 1399, 1340
1413, 1340, 1336
1413, 1412, 1399
1414, 1336, 1335
1414, 1335, 1410
1414, 1413, 1336
1415, 1412, 1413
1415, 1408, 295
1415, 1410, 1408
1415, 1413, 1414
1415, 295, 1412
1415, 1414, 1410
1416, 1407, 1406
1417, 1409, 1418
1419, 1409, 1417
1419, 1406, 1409
1419, 1416, 1406
1420, 1416, 1419
1420, 1419, 1417
1421, 1418, 1409
1421, 1409, 1408
1422, 1410, 1411
1422, 1421, 1408
1422, 1408, 1410
1423, 1184, 1182
1424, 1174, 1232
1424, 1204, 1174
1424, 1425, 1204
1426, 1421, 1422
1426, 1422, 1425
1426, 1424, 1427
1426, 1427, 1418
1426, 1418, 1421
1426, 1425, 1424
1428, 1418, 1427
1428, 1417, 1418
1429, 1177, 1184
1430, 1423, 1420
1430, 1420, 1417
1430, 1417, 1428
1430, 1428, 1429
1430, 1184, 1423
1430, 1429, 1184
1431, 1180, 1177
1432, 1429, 1428
1432, 1428, 1427
1432, 1177, 1429
1432, 1431, 1177
1433, 1427, 1424
1433, 1432, 1427
1433, 1424, 1232
1434, 1231, 87
1434, 1232, 1231
1434, 1432, 1433
1434, 1431, 1432
1434, 1433, 1232
84, 1434, 87
84, 1431, 1434
1211, 1435, 1212
1436, 1420, 1423
1436, 1416, 1420
1437, 1436, 1435
1437, 1435, 1211
1437, 1416, 1436
1438, 1437, 1211
1439, 1438, 1440
1439, 1416, 1437
1439, 1407, 1416
1439, 1437, 1438
1441, 1402, 1405
1441, 1407, 1439
1441, 1405, 1407
1441, 1439, 1440
1441, 1440, 1403
1441, 1403, 1402
1442, 1376, 1377
1442, 1363, 1376
1443, 1363, 1442
1443, 1361, 1363
1444, 1443, 1442
1445, 1443, 1444
1446, 1438, 1211
1446, 1211, 1210
1446, 1447, 1440
1446, 1440, 1438
1448, 1361, 1443
1448, 1446, 1210
1448, 1210, 1361
1448, 1443, 1445
1449, 1447, 1446
1449, 1446, 1448
1449, 1448, 1445
1450, 1381, 1070
1450, 1374, 1381
1450, 1375, 1374
1451, 1098, 746
1451, 1023, 1098
1452, 1023, 1451
1452, 1451, 710
1452, 1031, 1023
1453, 1031, 1452
1453, 1452, 710
1453, 710, 709
1454, 1031, 1453
1454, 1030, 1031
1455, 1064, 1065
1455, 1063, 1064
1455, 1065, 1068
1456, 1069, 1043
1456, 1043, 1051
1457, 1453, 709
1457, 1454, 1453
1458, 1454, 1457
1459, 693, 1006
1459, 703, 693
1459, 1006, 1007
1459, 1007, 1009
1460, 1461, 718
1460, 718, 705
1460, 1459, 1009
1460, 705, 703
1460, 703, 1459
1462, 714, 716
1463, 1464, 1465
1463, 1466, 1464
1467, 1461, 1468
1467, 754, 721
1467, 718, 1461
1467, 721, 718
1469, 714, 1462
1470, 1463, 1469
1470, 1466, 1463
1471, 1458, 1457
1471, 1465, 1458
1471, 1463, 1465
1472, 1469, 1463
1472, 715, 714
1472, 714, 1469
1472, 1463, 1471
1473, 1450, 1070
1473, 1070, 1071
1474, 1475, 1464
1474, 1464, 1466
1476, 1475, 1474
1476, 1071, 1069
1476, 1069, 1456
1477, 1455, 1068
1478, 1071, 1476
1478, 1476, 1474
1479, 1071, 1478
1479, 1473, 1071
1480, 1451, 746
1480, 741, 707
1480, 743, 741
1480, 746, 743
1480, 710, 1451
1480, 707, 710
1481, 707, 741
1481, 708, 707
1481, 1482, 708
1483, 1484, 1482
1483, 1482, 1481
1483, 1481, 741
1483, 741, 740
1485, 780, 783
1486, 781, 780
1487, 758, 757
1487, 732, 758
1488, 732, 1487
1488, 781, 1486
1488, 1487, 781
1488, 1486, 1489
733, 735, 731
1490, 1488, 1489
1490, 733, 732
1490, 732, 1488
1491, 1482, 1484
1491, 1484, 1492
1493, 1491, 1492
1494, 785, 787
1495, 780, 1485
1495, 1486, 780
1496, 1495, 1497
1496, 1489, 1486
1496, 1486, 1495
1498, 773, 771
1499, 759, 729
1499, 760, 759
1499, 729, 727
1500, 1498, 771
1500, 771, 760
1500, 760, 1499
1501, 726, 697
1501, 697, 696
1501, 725, 726
1502, 696, 701
1502, 701, 1503
1502, 1501, 696
1504, 733, 1490
1505, 1489, 1496
1505, 1490, 1489
1505, 1504, 1490
1506, 1504, 1505
1506, 1483, 740
1506, 1484, 1483
1507, 1506, 1505
1507, 1492, 1484
1507, 1484, 1506
1508, 1500, 1499
1508, 1499, 727
1509, 1501, 1502
1509, 1508, 727
1509, 727, 725
1509, 725, 1501
1510, 1511, 1512
1513, 1512, 1497
1513, 1510, 1512
1514, 788, 773
1514, 787, 788
1514, 1494, 787
1514, 773, 1498
1515, 768, 1516
1515, 1516, 1517
1515, 769, 768
1518, 1519, 1520
1518, 1520, 1510
1518, 1517, 1519
1518, 1515, 1517
1518, 1510, 1513
1521, 1497, 1495
1521, 1513, 1497
1522, 1515, 1518
1522, 1518, 1513
1522, 769, 1515
1522, 1521, 769
1522, 1513, 1521
1485, 1521, 1495
1485, 769, 1521
1523, 1491, 1493
1524, 1523, 713
1524, 713, 715
1525, 1462, 716
1526, 712, 1527
1526, 1503, 701
1526, 701, 712
1526, 1527, 1528
1529, 1523, 1493
1530, 1527, 712
1530, 712, 711
1530, 711, 720
1531, 1532, 1525
1531, 716, 713
1531, 1525, 716
1533, 713, 1523
1533, 1531, 713
1533, 1523, 1529
1534, 1511, 1510
1534, 1510, 1520
1534, 1529, 1511
1535, 1533, 1529
1535, 1531, 1533
1535, 1532, 1531
1535, 1529, 1534
1536, 1535, 1534
1536, 1532, 1535
1537, 1536, 1534
1537, 1534, 1520
286, 1323, 1322
32, 1538, 30
280, 30, 1538
34, 30, 280
1539, 1324, 1323
289, 1323, 286
289, 1539, 1323
289, 283, 1539
1540, 1541, 1542
1543, 280, 1538
1544, 1538, 32
1544, 1543, 1538
1545, 1540, 1542
1545, 1546, 1540
1547, 1543, 1544
1548, 1547, 1544
1548, 1546, 1545
1548, 1545, 1547
1548, 38, 1546
37, 1546, 38
37, 1540, 1546
1549, 1544, 32
1549, 38, 1548
1549, 1548, 1544
1550, 1551, 1543
1550, 1543, 1547
1551, 280, 1543
1551, 285, 280
1552, 285, 1551
1552, 1551, 1553
1554, 1552, 1555
287, 282, 288
35, 34, 282
287, 35, 282
1556, 285, 1552
1556, 1552, 1554
1557, 1556, 1558
1557, 1539, 283
284, 1556, 1557
284, 285, 1556
284, 1557, 283
281, 289, 288
281, 288, 282
281, 283, 289
30, 33, 31
33, 30, 34
1559, 35, 287
1559, 33, 35
1559, 287, 50
1560, 1561, 33
1560, 33, 1559
1560, 1562, 1561
31, 33, 1561
1563, 31, 1561
36, 38, 1564
1564, 31, 1563
1564, 32, 31
1564, 1549, 32
1564, 38, 1549
1565, 1540, 37
1541, 1566, 1567
1565, 1541, 1540
40, 1565, 37
40, 37, 36
1563, 36, 1564
1563, 39, 36
1568, 1553, 1551
1568, 1551, 1550
1569, 40, 39
1570, 1563, 1561
1570, 1561, 1562
1570, 39, 1563
1571, 1570, 1562
1572, 1573, 1569
1572, 1570, 1571
1572, 1569, 39
1572, 39, 1570
1553, 1555, 1552
1574, 1568, 1575
1574, 1553, 1568
1576, 1553, 1574
1576, 1555, 1553
1577, 1550, 1547
1577, 1547, 1545
1577, 1545, 1542
1578, 1542, 274
1578, 1577, 1542
1579, 1575, 1568
1579, 1577, 1578
1579, 1550, 1577
1579, 1568, 1550
272, 1567, 277
272, 1541, 1567
272, 277, 273
272, 274, 1542
272, 1542, 1541
1541, 1565, 1566
1580, 1581, 1582
276, 1578, 274
1583, 1584, 1585
1586, 1583, 1587
1586, 1584, 1583
1588, 1571, 1589
1588, 1572, 1571
1588, 1573, 1572
1588, 1590, 1573
1574, 1591, 1576
1592, 1586, 1591
1592, 1591, 1574
1592, 1575, 1584
1592, 1584, 1586
1592, 1574, 1575
1593, 1594, 1590
1595, 1588, 1589
1595, 1593, 1590
1595, 1590, 1588
1596, 1593, 1595
1596, 1595, 1589
1597, 1582, 1581
1597, 1581, 1566
1598, 1599, 1600
1601, 1590, 1594
1601, 1594, 1582
1601, 1582, 1597
1602, 40, 1569
1602, 1565, 40
1602, 1566, 1565
1602, 1597, 1566
1603, 1601, 1597
1603, 1597, 1602
1603, 1573, 1590
1603, 1569, 1573
1603, 1602, 1569
1603, 1590, 1601
1604, 1599, 1598
1604, 1584, 1575
1604, 1598, 1585
1604, 1585, 1584
1604, 1575, 1579
1605, 1599, 1604
1605, 1579, 1578
1605, 276, 1599
1605, 1578, 276
1605, 1604, 1579
1606, 1593, 1596
1606, 1607, 1608
1606, 1596, 1607
1609, 1610, 1611
1612, 1610, 1609
1612, 1587, 1583
1613, 1594, 1593
1613, 1593, 1606
1614, 1606, 1608
1614, 1613, 1606
1615, 1613, 1614
1616, 1613, 1615
1616, 1594, 1613
1616, 1582, 1594
1616, 1580, 1582
1617, 1616, 1615
1617, 1615, 1618
1617, 1618, 1619
1617, 1580, 1616
1620, 1585, 1598
1620, 1598, 1600
1620, 1621, 1585
1620, 1600, 1622
1623, 1624, 1621
1623, 1621, 1620
1623, 1622, 1625
1623, 1620, 1622
1626, 1627, 1628
1629, 1626, 1628
1630, 1631, 1632
1630, 1632, 1633
1634, 1633, 1632
1635, 1633, 1634
1636, 1635, 1634
1637, 1635, 1636
1638, 1346, 1366
1639, 1344, 1346
1639, 1346, 1638
1640, 1639, 1638
1641, 1639, 1640
1641, 1640, 1630
1641, 1630, 1633
1642, 1344, 1639
1642, 1639, 1641
1642, 1351, 1344
1642, 1643, 1351
1644, 1633, 1635
1644, 1642, 1641
1644, 1643, 1642
1644, 1641, 1633
1645, 1643, 1644
1645, 1635, 1637
1645, 1644, 1635
1646, 1647, 1648
1649, 1647, 1646
1650, 1649, 1646
1651, 1649, 1650
1651, 1637, 1636
1652, 1645, 1637
1652, 1637, 1651
1652, 1651, 1650
1653, 1646, 1654
1653, 1650, 1646
1653, 1652, 1650
1655, 1645, 1652
1655, 1643, 1645
1655, 1652, 1653
1656, 1643, 1655
1656, 1351, 1643
1657, 1067, 1350
1657, 1068, 1067
1657, 1351, 1656
1657, 1350, 1351
1658, 1068, 1657
1658, 1477, 1068
1659, 1468, 1660
1659, 1658, 1661
1659, 1477, 1658
1659, 1660, 1477
1662, 1646, 1648
1662, 1654, 1646
1663, 1654, 1662
1664, 1665, 1666
1664, 1667, 1665
1664, 1668, 1667
1669, 1670, 1668
1669, 1668, 1664
1671, 1672, 1673
1671, 1670, 1669
1671, 1669, 1674
1671, 1674, 1672
1675, 1663, 1676
1675, 1654, 1663
1677, 1655, 1653
1677, 1653, 1654
1677, 1654, 1675
1677, 1656, 1655
1661, 1675, 1676
1678, 1657, 1656
1678, 1675, 1661
1678, 1677, 1675
1678, 1658, 1657
1678, 1661, 1658
1678, 1656, 1677
1679, 1479, 1478
1479, 1680, 1473
1681, 1669, 1664
1681, 1674, 1669
1682, 1679, 1681
1682, 1479, 1679
1682, 1681, 1664
1682, 1664, 1666
1682, 1680, 1479
1683, 752, 754
1683, 753, 752
1684, 1470, 1469
1684, 1469, 1462
1685, 1466, 1470
1685, 1470, 1684
1686, 1685, 1684
1687, 1685, 1686
1687, 1673, 1672
1687, 1686, 1673
1688, 1659, 1661
1688, 1661, 1676
1689, 1683, 754
1690, 754, 1467
1690, 1688, 1689
1690, 1689, 754
1690, 1468, 1659
1690, 1659, 1688
1690, 1467, 1468
1691, 1683, 1689
1691, 1692, 1683
1693, 1688, 1676
1693, 1676, 1663
1693, 1689, 1688
1693, 1691, 1689
1694, 1662, 1695
1694, 1663, 1662
1694, 1691, 1693
1694, 1693, 1663
1696, 1691, 1694
1696, 1692, 1691
1696, 1694, 1695
1697, 1682, 1666
1697, 1680, 1682
1698, 1647, 1649
1699, 1700, 1701
1699, 1665, 1667
1699, 1667, 1700
1702, 1627, 1626
1702, 1626, 1703
1704, 1697, 1666
1704, 1666, 1665
1705, 1703, 1704
1705, 1702, 1703
1705, 1665, 1699
1705, 1704, 1665
1706, 1636, 1634
1707, 1628, 1627
1708, 1707, 1627
1709, 1325, 1324
1710, 1314, 1325
1710, 1709, 1711
1710, 1325, 1709
1710, 1315, 1314
1712, 45, 1706
1712, 1711, 45
1713, 1714, 1715
1315, 1710, 1711
1315, 1711, 1712
1716, 1315, 1712
1716, 1313, 1315
1716, 1312, 1313
1717, 1706, 1634
1717, 1634, 1632
1717, 1712, 1706
1717, 1716, 1712
1718, 1628, 1707
1718, 1629, 1628
1718, 1719, 1629
1720, 1631, 1630
1721, 1309, 1308
1721, 1310, 1309
1722, 1713, 1310
1722, 1714, 1713
1722, 1310, 1721
1723, 1707, 1708
1723, 1708, 1714
1723, 1714, 1722
1724, 1587, 1696
1724, 1591, 1586
1724, 1586, 1587
1724, 1696, 1695
1725, 1609, 1611
1725, 1692, 1609
1725, 753, 1683
1725, 1683, 1692
1726, 1609, 1692
1726, 1696, 1587
1726, 1587, 1612
1726, 1612, 1609
1726, 1692, 1696
1727, 1539, 1557
1727, 1557, 1558
1727, 1324, 1539
1727, 1709, 1324
42, 45, 1728
1728, 45, 1711
1728, 1711, 1709
1728, 1709, 1727
1728, 1727, 1558
1558, 42, 1728
43, 1558, 1556
43, 1556, 1554
1558, 43, 42
41, 44, 42
41, 1698, 44
1729, 1730, 1701
1731, 41, 43
1731, 43, 1554
1731, 1554, 1555
1732, 1647, 1698
1732, 1698, 41
1732, 41, 1731
1732, 1648, 1647
1733, 1596, 1589
1733, 1671, 1673
1733, 1670, 1671
1734, 1560, 1729
1734, 1562, 1560
1734, 1701, 1700
1734, 1729, 1701
1735, 1316, 1311
48, 1316, 1735
48, 1322, 1316
1735, 1310, 1713
1735, 1311, 1310
1736, 48, 1735
1736, 1713, 1715
1736, 1735, 1713
1737, 1607, 1686
1737, 1462, 1525
1737, 1608, 1607
1737, 1684, 1462
1737, 1686, 1684
1738, 1596, 1733
1738, 1607, 1596
1738, 1686, 1607
1738, 1733, 1673
1738, 1673, 1686
50, 286, 1322
48, 47, 50
49, 1729, 1560
49, 1730, 1729
49, 1559, 50
49, 1560, 1559
46, 1715, 1730
46, 1736, 1715
48, 50, 1322
46, 48, 1736
46, 1730, 49
46, 49, 47
1739, 1740, 1741
1739, 1742, 1743
1739, 1744, 1742
1739, 1743, 1740
786, 1745, 1744
1746, 784, 786
1746, 791, 784
1746, 1739, 1741
1746, 786, 1744
1746, 1744, 1739
1746, 790, 791
1746, 1741, 790
1747, 1744, 1745
1747, 1742, 1744
1748, 1749, 1742
1748, 1747, 1750
1748, 1750, 1751
1748, 1752, 1749
1748, 1742, 1747
1753, 1536, 1537
1754, 1520, 1519
1754, 1537, 1520
1754, 1753, 1537
1755, 1756, 1753
1755, 1753, 1754
1757, 1519, 1517
1757, 1755, 1754
1757, 1754, 1519
1757, 1758, 1755
1759, 1530, 720
1760, 1759, 1761
1762, 1756, 1763
1762, 1532, 1536
1762, 1753, 1756
1762, 1536, 1753
1764, 1759, 1760
1764, 1527, 1530
1764, 1530, 1759
1765, 1745, 786
1765, 786, 785
1766, 1527, 1764
1766, 1494, 1528
1766, 785, 1494
1766, 1764, 1765
1766, 1528, 1527
1766, 1765, 785
1767, 1758, 1768
1767, 1755, 1758
1769, 1770, 1771
1769, 1756, 1755
1769, 1767, 1770
1769, 1755, 1767
1772, 1517, 1516
1773, 1768, 1758
1774, 1773, 1772
1774, 1768, 1773
1773, 1757, 1517
1773, 1758, 1757
1773, 1517, 1772
1775, 1615, 1614
1775, 1618, 1615
1776, 1756, 1769
1776, 1769, 1771
1776, 1771, 1619
1776, 1619, 1618
1776, 1618, 1775
1776, 1763, 1756
1776, 1775, 1763
1777, 1737, 1525
1777, 1608, 1737
1778, 1608, 1777
1778, 1775, 1614
1778, 1763, 1775
1778, 1614, 1608
1779, 1532, 1762
1779, 1763, 1778
1779, 1762, 1763
1779, 1778, 1777
1779, 1525, 1532
1779, 1777, 1525
52, 567, 568
52, 568, 1780
52, 55, 567
53, 52, 1780
1781, 567, 55
1782, 567, 1781
1782, 270, 271
1782, 1781, 270
251, 53, 252
51, 53, 251
51, 55, 52
251, 248, 54
54, 51, 251
1783, 1781, 55
1783, 55, 54
1784, 566, 565
1784, 567, 1782
1784, 565, 567
1785, 566, 1784
1786, 1780, 568
1786, 568, 569
1786, 1787, 1780
1788, 1786, 569
1788, 1787, 1786
1789, 566, 1785
1789, 572, 566
1788, 569, 571
267, 1780, 1787
268, 267, 1787
263, 268, 1787
265, 268, 263
247, 259, 248
1783, 54, 248
1783, 248, 259
258, 1783, 259
258, 1781, 1783
258, 270, 1781
258, 260, 270
261, 247, 250
261, 259, 247
256, 250, 249
254, 1780, 267
254, 267, 255
254, 53, 1780
254, 252, 53
1790, 1788, 571
1791, 1788, 1790
1792, 1793, 1789
1792, 1789, 1785
1794, 1785, 1784
1794, 1784, 1782
1791, 263, 1787
1791, 1787, 1788
1795, 1793, 1792
1796, 1790, 1797
1796, 1791, 1790
1796, 1797, 1798
1799, 1800, 1795
1801, 1800, 1799
1802, 1796, 1798
1803, 1802, 1798
241, 1801, 1799
241, 240, 1801
244, 241, 1799
244, 242, 241
312, 1802, 1803
235, 1802, 312
237, 235, 312
231, 1782, 271
231, 1794, 1782
231, 271, 232
1804, 1805, 1806
1807, 1804, 1806
69, 1808, 70
1809, 69, 68
1809, 1806, 1805
226, 1808, 69
226, 69, 1809
226, 1810, 1808
227, 1809, 1805
227, 1805, 122
227, 226, 1809
1811, 770, 767
1812, 772, 776
1813, 1812, 776
1813, 776, 775
1814, 1813, 1815
1816, 1804, 1807
1817, 1816, 1814
1817, 1804, 1816
1817, 1814, 1815
1818, 775, 790
1818, 790, 1741
1819, 1815, 1813
1819, 1818, 1820
1819, 775, 1818
1819, 1813, 775
1821, 541, 1822
1821, 542, 541
1823, 1816, 1807
1824, 1825, 561
1826, 559, 545
1826, 539, 542
1826, 545, 539
1826, 561, 559
1827, 1821, 1828
1827, 561, 1826
1827, 1828, 1824
1827, 1826, 542
1827, 1824, 561
1827, 542, 1821
1829, 671, 673
1829, 766, 777
1830, 667, 671
1830, 671, 1829
1831, 772, 1812
1831, 761, 772
1831, 779, 778
1831, 778, 761
1832, 779, 1831
1833, 1830, 1829
1833, 1829, 777
1833, 779, 1832
1833, 777, 779
1834, 1822, 668
1834, 668, 667
1835, 1833, 1832
1835, 1830, 1833
1836, 667, 1830
1836, 1834, 667
1836, 1830, 1835
1837, 1835, 1832
1838, 1816, 1823
1839, 1840, 1811
1841, 1811, 767
1841, 1839, 1811
1842, 1843, 1839
1842, 1839, 1841
1844, 1832, 1831
1844, 1845, 1837
1844, 1837, 1832
1844, 1831, 1812
1838, 1814, 1816
1846, 1812, 1813
1846, 1838, 1845
1846, 1845, 1844
1846, 1814, 1838
1846, 1813, 1814
1846, 1844, 1812
1847, 1848, 1849
1850, 1843, 1842
1851, 1843, 1850
1852, 1847, 1851
1852, 1851, 1850
1853, 1848, 1847
1853, 1847, 1852
1854, 1807, 1806
1854, 1809, 68
1854, 1806, 1809
1855, 67, 1825
1855, 1825, 1824
1855, 68, 67
1855, 1854, 68
1856, 1854, 1855
1856, 1807, 1854
1856, 1823, 1807
1856, 1855, 1824
1856, 1824, 1828
1857, 1850, 1842
1858, 1852, 1850
1858, 1850, 1857
1859, 1842, 1841
1859, 1857, 1842
1860, 1858, 1857
1861, 1857, 1859
1861, 1859, 1862
1861, 1860, 1857
1863, 1823, 1856
1863, 1856, 1828
1863, 1828, 1821
1864, 1821, 1822
1864, 1863, 1821
1864, 1822, 1834
1865, 1845, 1838
1865, 1837, 1845
1865, 1863, 1864
1865, 1823, 1863
1865, 1838, 1823
1866, 1834, 1836
1866, 1865, 1864
1866, 1836, 1835
1866, 1837, 1865
1866, 1835, 1837
1866, 1864, 1834
1867, 1859, 1841
1867, 1862, 1859
1868, 783, 782
1868, 1862, 1867
783, 1868, 1867
1869, 781, 1487
1869, 782, 781
1869, 1487, 757
1870, 782, 1869
1870, 1869, 1871
1870, 1868, 782
1872, 1861, 1862
1873, 1868, 1870
1873, 1862, 1868
1873, 1872, 1862
1874, 1875, 1872
1874, 1872, 1873
1874, 1873, 1870
1874, 1870, 1871
1876, 1853, 1852
1876, 1852, 1858
1877, 554, 1876
1877, 553, 554
1877, 1876, 1858
1877, 1858, 1860
1878, 1853, 1876
1878, 1876, 554
1878, 554, 556
1879, 1861, 1872
1879, 1860, 1861
1879, 1872, 1875
1880, 553, 1877
1880, 1877, 1860
1880, 1860, 1879
1881, 1879, 1875
1881, 1880, 1879
1882, 533, 535
1882, 535, 536
1882, 1881, 533
1882, 536, 553
1882, 553, 1880
1882, 1880, 1881
222, 1849, 1848
224, 1883, 1884
224, 1884, 1810
224, 1848, 1883
224, 222, 1848
223, 1810, 226
223, 224, 1810
121, 223, 122
121, 1849, 222
1885, 1886, 1887
1888, 644, 639
1888, 639, 641
1889, 1886, 1885
1890, 1889, 1885
1891, 1886, 1889
1891, 656, 655
1891, 655, 1886
1892, 1881, 1875
1893, 1874, 1871
1893, 1875, 1874
1893, 1892, 1875
1894, 1892, 1893
1895, 1869, 757
1895, 1871, 1869
1895, 755, 663
1895, 757, 755
1896, 1895, 663
1896, 1897, 1894
1898, 1895, 1896
1898, 1893, 1871
1898, 1871, 1895
1898, 1894, 1893
1898, 1896, 1894
1899, 1897, 1896
1899, 1896, 663
1899, 663, 662
1900, 1892, 1894
1900, 1894, 1897
1901, 1900, 1897
1902, 1903, 669
1902, 669, 668
1904, 660, 672
1904, 672, 670
1904, 670, 669
1905, 669, 1903
1905, 1904, 669
1906, 656, 1891
1907, 1889, 1890
1907, 1891, 1889
1907, 1906, 1891
1908, 1906, 1907
1908, 1899, 662
1909, 1908, 1907
1909, 1897, 1899
1909, 1899, 1908
1910, 1904, 1905
1910, 640, 657
1910, 657, 660
1910, 660, 1904
1911, 1912, 1913
1914, 499, 498
1915, 497, 499
1915, 501, 497
1916, 551, 549
1916, 1911, 1914
1916, 1912, 1911
1917, 540, 543
1917, 1903, 1902
1918, 1919, 1920
1918, 1903, 1917
1921, 1912, 1916
1921, 1916, 549
1921, 549, 534
1921, 1922, 1912
1923, 1917, 543
1923, 1918, 1917
1923, 543, 547
1923, 1919, 1918
1924, 1900, 1901
1924, 1901, 1925
1926, 1922, 1921
1926, 1921, 534
1926, 533, 1924
1926, 534, 533
1926, 1924, 1925
1926, 1925, 1922
1927, 1881, 1892
1927, 1924, 533
1927, 1900, 1924
1927, 1892, 1900
1927, 533, 1881
1928, 1929, 1930
332, 1122, 333
1931, 1122, 332
1931, 683, 1122
1931, 58, 57
1931, 332, 58
1932, 1120, 682
1932, 1132, 1120
1932, 682, 681
56, 58, 1933
1934, 58, 332
1934, 1933, 58
1935, 1934, 1936
1935, 1933, 1934
219, 341, 1111
219, 218, 341
215, 56, 1933
216, 215, 1933
216, 1933, 1935
214, 60, 215
214, 1937, 60
212, 220, 211
202, 204, 210
207, 205, 203
198, 214, 199
198, 1937, 214
198, 1938, 1937
198, 1939, 1938
200, 1939, 198
1940, 1929, 1928
1941, 1940, 1938
1941, 1929, 1940
1941, 1938, 1939
1942, 203, 202
1943, 203, 1942
196, 195, 200
1944, 1941, 1939
1945, 1943, 1942
1945, 1942, 1946
1947, 1948, 1930
1947, 1930, 1929
1947, 1929, 1941
1947, 1941, 1944
1949, 1947, 1944
1950, 203, 1943
1950, 207, 203
1951, 207, 1950
1951, 208, 207
1952, 1943, 1945
1952, 1950, 1943
1953, 1950, 1952
1953, 1951, 1950
1953, 1952, 1954
1955, 501, 1915
1956, 1945, 1946
1957, 1954, 1952
1957, 1952, 1945
1957, 1945, 1956
1958, 1956, 1955
1958, 1954, 1957
1958, 1957, 1956
1958, 1915, 1959
1958, 1955, 1915
1960, 1951, 1953
1960, 1961, 1951
1962, 618, 795
1963, 1887, 1962
1964, 1965, 1966
1964, 1967, 1965
1964, 1963, 1962
1964, 1966, 1963
191, 1951, 1961
191, 208, 1951
190, 208, 191
1968, 200, 195
1968, 1939, 200
1968, 1944, 1939
1969, 1949, 1944
1969, 1944, 1968
1970, 195, 194
1970, 1968, 195
1971, 1968, 1970
1971, 1969, 1968
184, 183, 194
1972, 1970, 194
1972, 194, 183
1973, 1970, 1972
1973, 1971, 1970
187, 1974, 186
192, 187, 188
192, 191, 1961
1975, 187, 192
1975, 1974, 187
1976, 1975, 192
1976, 1961, 1960
1976, 1960, 1965
1976, 1965, 1967
1976, 1967, 1975
1976, 192, 1961
182, 1972, 183
1977, 1973, 1972
1977, 1978, 1973
1977, 1972, 182
1979, 629, 802
1979, 794, 629
1979, 1980, 794
1979, 802, 413
415, 1980, 1979
415, 1979, 413
1981, 811, 613
1981, 613, 810
1981, 410, 811
411, 410, 1981
1982, 812, 813
1983, 795, 796
1984, 1980, 1985
1984, 796, 794
1984, 1983, 796
1984, 794, 1980
1986, 1964, 1962
1986, 1967, 1964
1986, 795, 1983
1986, 1962, 795
1987, 1986, 1983
1987, 1983, 1984
1987, 1974, 1975
1987, 1975, 1967
1987, 1967, 1986
1987, 1984, 1985
1987, 1985, 1974
1988, 1989, 1990
1988, 1978, 1977
1991, 1988, 1990
1991, 1978, 1988
179, 1977, 182
179, 1988, 1977
179, 178, 1989
179, 1989, 1988
180, 179, 182
1992, 1989, 178
1993, 1982, 1990
1993, 1990, 1989
1993, 1989, 1992
1994, 411, 1981
1995, 810, 812
1995, 1992, 1994
1995, 1993, 1992
1995, 812, 1982
1995, 1982, 1993
1995, 1981, 810
1995, 1994, 1981
173, 411, 1994
173, 1994, 1992
176, 411, 173
174, 1992, 178
174, 178, 175
174, 173, 1992
168, 1974, 1985
168, 186, 1974
168, 170, 186
169, 1980, 415
169, 168, 1985
169, 1985, 1980
171, 169, 415
1996, 813, 646
1996, 646, 645
1997, 1996, 645
1998, 1990, 1982
1998, 1991, 1990
1998, 1982, 813
1998, 813, 1996
1999, 1978, 1991
1999, 1996, 1997
1999, 1998, 1996
1999, 1991, 1998
1999, 2000, 1978
1999, 1997, 2000
2001, 70, 1808
2002, 1883, 2003
2002, 1884, 1883
2004, 1810, 1884
2004, 1884, 2002
2004, 2001, 1808
2004, 2002, 2001
2004, 1808, 1810
2005, 528, 11
163, 2005, 11
163, 11, 503
163, 503, 164
160, 2006, 507
160, 507, 506
160, 164, 2006
2007, 163, 162
2007, 2005, 163
2008, 161, 160
2008, 160, 506
166, 2007, 162
2009, 2001, 2002
2009, 2002, 2010
62, 2009, 2010
63, 2002, 2003
63, 62, 2010
63, 2010, 2002
97, 65, 98
97, 62, 65
2011, 2012, 2005
2011, 2005, 2007
2011, 2007, 166
2013, 166, 100
2013, 2011, 166
2014, 98, 65
2014, 100, 98
2014, 2013, 100
2015, 2008, 506
2016, 2017, 2018
2016, 2009, 62
2016, 62, 97
2019, 2020, 2001
2019, 2016, 2018
2019, 2001, 2009
2019, 2009, 2016
96, 2017, 2016
96, 2021, 2017
96, 2016, 97
101, 2021, 96
165, 161, 2008
165, 2008, 2015
99, 165, 101
99, 100, 166
99, 101, 95
99, 166, 165
2022, 101, 165
2022, 2021, 101
2022, 165, 2015
64, 2014, 65
2023, 2017, 2021
2024, 531, 530
2024, 555, 531
2025, 2011, 2013
2025, 2013, 2014
2025, 2012, 2011
2026, 64, 2024
2026, 2024, 530
2026, 2025, 2014
2026, 2014, 64
2027, 2025, 2026
2027, 2012, 2025
530, 529, 2028
530, 2027, 2026
530, 2028, 2027
2029, 1878, 556
2030, 2024, 64
2030, 556, 555
2030, 555, 2024
2031, 2029, 556
61, 65, 62
61, 63, 2031
2031, 556, 2030
2031, 63, 2003
2031, 2003, 2029
2030, 61, 2031
2030, 64, 61
2032, 2021, 2022
2032, 2022, 2015
2032, 2023, 2021
2033, 2032, 2034
2033, 2023, 2032
2035, 2033, 2034
2035, 562, 563
2035, 563, 2033
2036, 560, 561
2036, 561, 1825
2036, 67, 2037
2036, 1825, 67
2038, 2018, 2017
2038, 2017, 2023
2039, 2033, 563
2039, 2037, 2038
2039, 2023, 2033
2039, 2036, 2037
2039, 563, 560
2039, 560, 2036
2039, 2038, 2023
2040, 557, 558
2040, 546, 557
2041, 529, 532
2041, 2042, 2043
2041, 532, 550
2041, 2043, 2028
2041, 2028, 529
2044, 546, 2040
2045, 550, 551
2045, 2041, 550
2045, 2042, 2041
2046, 2035, 2034
2047, 2044, 2040
2047, 2046, 2048
2047, 2049, 2044
2050, 558, 562
2050, 562, 2035
2050, 2046, 2047
2050, 2035, 2046
2050, 2047, 2040
2050, 2040, 558
2051, 2049, 2052
2051, 2044, 2049
2053, 2042, 2045
2053, 2045, 2054
2055, 2043, 2042
2056, 2042, 2053
2056, 2053, 2057
2056, 2055, 2042
2058, 2052, 2049
2058, 2049, 2047
2058, 2047, 2048
2059, 2048, 2046
2060, 2053, 2054
2060, 2057, 2053
2061, 2057, 2060
2062, 2061, 2063
2062, 2064, 2061
2065, 688, 685
2065, 604, 688
2066, 527, 528
2067, 505, 508
2068, 2061, 2064
2068, 2057, 2061
2068, 2056, 2057
2069, 527, 2066
2070, 2071, 2055
2070, 2055, 2056
2070, 2066, 2071
2070, 2069, 2066
2070, 2056, 2068
2072, 527, 2069
2072, 524, 523
2072, 523, 527
2072, 2073, 524
2074, 2067, 508
2074, 2059, 2067
2075, 2074, 2076
2075, 2058, 2048
2075, 2048, 2059
2075, 2059, 2074
2077, 2073, 2072
2077, 2072, 2069
2078, 2070, 2068
2078, 2069, 2070
2078, 2077, 2069
2078, 2068, 2064
2079, 604, 2065
2079, 2073, 2077
2079, 2065, 2073
2080, 2079, 2077
2080, 2077, 2078
2080, 2078, 2064
2081, 2076, 2074
2082, 512, 2083
2084, 2074, 508
2084, 512, 2082
2084, 510, 512
2084, 508, 510
2084, 2081, 2074
2084, 2082, 2081
2085, 2065, 685
2085, 2073, 2065
2085, 524, 2073
2085, 525, 524
2086, 498, 500
2086, 2060, 2054
2087, 2063, 2061
2087, 2061, 2060
2087, 2086, 500
2087, 2060, 2086
2088, 2087, 500
2088, 500, 502
2088, 2063, 2087
2089, 2090, 2091
2092, 2090, 2089
2093, 2094, 2095
2093, 2095, 2090
2093, 2090, 2092
2096, 2052, 2091
2096, 2051, 2052
2096, 494, 2097
2096, 2097, 2051
2098, 494, 2096
2098, 2096, 2091
2098, 2091, 2090
2099, 2100, 1928
2101, 2094, 2100
2101, 2099, 495
2101, 2095, 2094
2101, 2100, 2099
2102, 2101, 495
2102, 2098, 2090
2102, 2090, 2095
2102, 2095, 2101
2102, 494, 2098
2102, 495, 494
2103, 604, 2079
2103, 602, 604
2103, 2079, 2080
2104, 2080, 2064
2104, 2064, 2062
2104, 2103, 2080
2105, 2103, 2104
2105, 602, 2103
2106, 2081, 2082
2107, 2089, 2076
2107, 2081, 2106
2107, 2076, 2081
2107, 2092, 2089
2108, 2107, 2106
2108, 2106, 2109
2108, 2092, 2107
2110, 2083, 599
2110, 2106, 2082
2110, 2109, 2106
2110, 2082, 2083
2109, 2110, 599
2111, 2108, 2109
2112, 2093, 2092
2112, 2092, 2108
2112, 2108, 2111
2113, 1132, 1932
2114, 598, 2113
2114, 2113, 1932
2115, 2111, 2109
2115, 598, 2114
2115, 599, 598
2115, 2109, 599
2115, 2116, 2111
2115, 2114, 2116
2117, 622, 621
2117, 621, 609
2118, 622, 2117
2119, 646, 813
2119, 623, 622
2119, 813, 623
2119, 650, 647
2119, 647, 646
2120, 2119, 622
2120, 650, 2119
2120, 2118, 2121
2120, 622, 2118
2122, 658, 649
2122, 649, 651
2123, 2120, 2121
2123, 651, 650
2123, 650, 2120
2124, 730, 764
2124, 728, 730
2125, 1829, 673
2125, 676, 765
2125, 763, 766
2125, 765, 763
2125, 674, 676
2125, 673, 674
2125, 766, 1829
2126, 765, 676
2126, 676, 675
2127, 2124, 764
2127, 764, 765
2127, 765, 2126
2128, 2127, 2126
2129, 658, 2122
2129, 675, 659
2129, 659, 658
2130, 2128, 2126
2130, 675, 2129
2130, 2126, 675
2131, 620, 616
2118, 2132, 2121
2133, 2134, 2135
2133, 2135, 2136
2137, 736, 738
2137, 738, 742
2138, 2124, 2127
2138, 2128, 2139
2138, 2127, 2128
2140, 665, 756
2140, 756, 734
2140, 666, 665
2141, 736, 2137
2141, 2140, 734
2141, 734, 736
2142, 616, 615
2142, 615, 653
2142, 2131, 616
2143, 2144, 2145
2143, 2145, 2131
2143, 2131, 2142
2146, 2140, 2141
2146, 666, 2140
2147, 666, 2146
2147, 654, 2148
2147, 664, 666
2147, 2148, 664
2147, 653, 654
2149, 2147, 2146
2149, 2142, 653
2149, 653, 2147
2150, 2139, 2128
2151, 2130, 2129
2151, 2150, 2128
2151, 2128, 2130
2151, 2129, 2122
2152, 2121, 2132
2152, 2123, 2121
2153, 2122, 651
2153, 2152, 2150
2153, 2150, 2151
2153, 651, 2123
2153, 2123, 2152
2153, 2151, 2122
2154, 609, 608
2154, 2117, 609
2155, 2154, 608
2155, 608, 624
2156, 2154, 2155
2156, 2132, 2118
2156, 2157, 2132
2156, 2118, 2117
2156, 2117, 2154
2158, 2144, 2136
2158, 2145, 2144
2159, 2158, 2136
2159, 2136, 2135
2160, 2158, 2159
2161, 2160, 633
2161, 633, 635
2161, 2158, 2160
2161, 2145, 2158
2162, 2156, 2155
2162, 2157, 2156
2162, 2163, 2157
2164, 2165, 2163
2166, 2167, 2165
2166, 2165, 2164
2168, 2163, 2162
2168, 2164, 2163
2168, 2169, 2164
2170, 2168, 2171
2170, 2169, 2168
2172, 2155, 624
2172, 2171, 2168
2172, 2162, 2155
2172, 2168, 2162
2172, 624, 815
2172, 815, 2171
2173, 2167, 2166
2174, 742, 744
2174, 2137, 742
2175, 2176, 2167
2177, 744, 745
2177, 2174, 744
2177, 2133, 2174
2177, 2134, 2133
2178, 2173, 2179
2178, 2167, 2173
2178, 2175, 2167
2180, 694, 749
2180, 747, 748
2180, 749, 747
2181, 748, 2175
2181, 2180, 748
2181, 2178, 2179
2181, 2175, 2178
2182, 728, 2124
2182, 723, 728
2182, 2124, 2138
2182, 724, 723
2183, 2139, 2176
2183, 2138, 2139
2183, 2182, 2138
2184, 2182, 2183
2184, 724, 2182
2184, 2175, 748
2184, 748, 724
2184, 2176, 2175
2184, 2183, 2176
120, 2185, 2186
2187, 2188, 2189
2190, 2188, 2191
2192, 1774, 1772
2192, 1772, 1516
2193, 2188, 2187
2193, 2191, 2188
2193, 2194, 2191
2193, 2195, 2194
2196, 2192, 2195
2196, 2195, 2193
2196, 2193, 2187
2196, 1774, 2192
2197, 2188, 2190
2198, 2186, 2185
2198, 2194, 2186
2198, 2191, 2194
2198, 2190, 2191
2198, 2197, 2190
2199, 2188, 2197
2200, 2188, 2199
2200, 105, 2189
2200, 2189, 2188
117, 119, 2201
117, 120, 118
117, 2185, 120
2202, 2203, 106
2202, 106, 105
2202, 105, 2200
2202, 2200, 2199
2204, 2203, 2202
2204, 2202, 2199
2205, 1818, 1741
2205, 1741, 1740
2205, 2206, 1820
2205, 1820, 1818
2207, 2206, 2205
2207, 2205, 1740
2208, 2206, 2207
2208, 2204, 2199
2207, 2204, 2208
2207, 2203, 2204
2209, 2198, 2185
2185, 2201, 2209
2185, 117, 2201
2210, 2206, 2208
2201, 2211, 2212
2213, 2208, 2199
2213, 2212, 2210
2213, 2210, 2208
2214, 2209, 2212
2214, 2198, 2209
2214, 2212, 2213
2214, 2197, 2198
2214, 2213, 2199
2214, 2199, 2197
2215, 1617, 1619
2215, 1580, 1617
2216, 1625, 1622
2217, 1625, 2216
2218, 1600, 1599
2218, 276, 275
2218, 1599, 276
2219, 1566, 1581
2220, 277, 1567
2220, 1566, 2219
2220, 1567, 1566
2221, 277, 2220
2222, 2218, 275
278, 2221, 2222
278, 2222, 275
278, 277, 2221
2223, 2222, 2224
2225, 2223, 2224
2226, 2218, 2222
2226, 2223, 2225
2226, 2222, 2223
2227, 1622, 1600
2227, 2225, 2228
2227, 2226, 2225
2227, 1600, 2218
2227, 2218, 2226
2227, 2216, 1622
2227, 2228, 2216
2229, 2228, 2225
2229, 2225, 2230
2231, 2230, 157
2231, 2217, 2216
2231, 2216, 2228
2231, 2229, 2230
2231, 2228, 2229
2232, 2224, 2222
2232, 2221, 2220
2232, 2222, 2221
2232, 2220, 2219
2233, 157, 2230
2234, 2224, 2232
2235, 1581, 1580
2235, 2215, 2236
2235, 1580, 2215
2237, 2236, 2233
2237, 2233, 2230
2237, 2224, 2234
2237, 2235, 2236
2237, 2225, 2224
2237, 2230, 2225
2238, 2237, 2234
2238, 2232, 2219
2238, 2234, 2232
2238, 2219, 1581
2238, 1581, 2235
2238, 2235, 2237
158, 157, 2233
156, 2217, 2231
156, 2231, 157
2239, 2217, 156
7, 2239, 156
6, 2239, 7
9, 104, 8
9, 2240, 104
8, 6, 5
2241, 2233, 2236
2241, 2236, 2215
2241, 158, 2233
2242, 1619, 1771
2242, 2215, 1619
2242, 2241, 2215
2243, 9, 154
2243, 154, 158
2243, 158, 2241
2244, 2241, 2242
2244, 1770, 2240
2244, 1771, 1770
2244, 2242, 1771
2244, 2243, 2241
2243, 2240, 9
2243, 2244, 2240
2245, 2246, 1749
2245, 6, 2246
2245, 2239, 6
2245, 1749, 1752
2247, 2240, 1770
2247, 1767, 1768
2247, 1770, 1767
2247, 104, 2240
2248, 1774, 2196
2248, 2196, 2187
2248, 2247, 1768
2248, 1768, 1774
2249, 2207, 1740
2249, 2203, 2207
2249, 1740, 1743
2250, 1749, 2246
2250, 2249, 1743
2250, 1742, 1749
2250, 1743, 1742
2251, 998, 1001
2251, 1053, 998
2252, 694, 2180
2252, 1002, 695
2252, 695, 694
2253, 1002, 2252
2253, 1001, 1002
2254, 2170, 2171
2255, 2254, 877
2255, 874, 2256
2255, 877, 874
2257, 885, 884
2257, 2256, 885
2258, 816, 798
2259, 2254, 2171
2259, 2258, 875
2259, 816, 2258
2259, 815, 816
2259, 2171, 815
2259, 877, 2254
2259, 875, 877
2260, 875, 2258
2260, 2261, 876
2260, 876, 875
2262, 2261, 2260
2262, 1097, 1096
2263, 2258, 798
2263, 1097, 2262
2263, 2262, 2260
2263, 2260, 2258
2264, 2261, 2262
2264, 871, 2261
2264, 872, 871
2264, 2262, 1096
153, 1173, 1169
151, 1173, 153
150, 1167, 1173
150, 1173, 151
148, 376, 146
142, 1167, 150
142, 150, 144
132, 153, 1169
132, 134, 153
137, 135, 133
141, 143, 147
2265, 138, 137
2265, 137, 133
2265, 478, 138
2266, 147, 146
2266, 146, 376
2266, 376, 1079
2266, 490, 489
2266, 1079, 490
2267, 2266, 489
2267, 147, 2266
2268, 481, 480
2268, 1163, 481
492, 1160, 2269
2270, 478, 2265
2270, 480, 483
2270, 483, 478
489, 488, 492
2271, 1172, 2272
2271, 1168, 1172
2273, 2268, 480
2273, 480, 2270
2273, 2271, 2272
2273, 2272, 2268
2274, 132, 1169
2274, 1168, 2271
2274, 1169, 1168
2275, 2265, 133
2275, 133, 132
2275, 132, 2274
2275, 2274, 2271
2275, 2271, 2273
2275, 2270, 2265
2275, 2273, 2270
2276, 489, 492
2276, 2267, 489
2276, 492, 2269
2277, 1171, 1170
2277, 2269, 1171
2277, 2276, 2269
2278, 2276, 2277
2278, 147, 2267
2278, 141, 147
2278, 2267, 2276
2279, 2278, 2277
2279, 1167, 142
2279, 1170, 1167
2279, 2277, 1170
2279, 141, 2278
2279, 142, 141
2280, 1136, 1133
2281, 692, 691
2282, 599, 2083
2282, 597, 599
2283, 597, 2282
2283, 2284, 2285
2286, 1132, 2113
2286, 1133, 1132
2286, 598, 600
2286, 2113, 598
600, 2283, 2285
600, 597, 2283
2287, 2280, 1133
2287, 1133, 2286
2287, 2286, 600
2287, 2285, 2280
2287, 600, 2285
518, 2288, 515
2289, 521, 522
2289, 522, 525
2290, 518, 521
2291, 515, 2288
2292, 515, 2291
2292, 516, 515
2293, 2291, 2294
2295, 2282, 2083
2295, 2083, 512
2295, 512, 513
2293, 2292, 2291
2293, 513, 511
2293, 511, 2292
126, 2296, 129
125, 2296, 126
125, 2297, 2296
124, 2288, 518
124, 518, 2290
123, 2288, 124
123, 2291, 2288
123, 2298, 2294
123, 2294, 2291
1, 2298, 123
128, 1, 0
2299, 2297, 125
2300, 2301, 2302
2303, 2280, 2285
2304, 2305, 2306
2304, 2306, 2303
2304, 2303, 2285
2304, 2285, 2284
2307, 686, 692
2307, 692, 2281
2307, 687, 686
2308, 2300, 2302
2308, 2281, 2300
2308, 2307, 2281
2290, 521, 2289
2309, 3, 124
2309, 124, 2290
2310, 2307, 2308
2310, 687, 2307
2311, 525, 2085
2311, 685, 687
2311, 2085, 685
2311, 2289, 525
2312, 2311, 687
2312, 687, 2310
2312, 2309, 2290
2312, 2290, 2289
2312, 2289, 2311
2313, 2283, 2282
2313, 2284, 2283
2313, 2282, 2295
2314, 2284, 2313
2314, 2293, 2294
513, 2314, 2313
513, 2293, 2314
513, 2313, 2295
2315, 2316, 2317
2315, 2317, 129
2315, 129, 2296
59, 57, 56
215, 60, 56
2318, 1940, 1928
2318, 2319, 59
2318, 1928, 2100
2318, 2100, 2319
2320, 60, 1937
2320, 2318, 59
2320, 1937, 1938
2320, 1940, 2318
2320, 1938, 1940
2320, 59, 60
2321, 2322, 2323
2321, 2324, 2322
2325, 1110, 2322
2325, 1111, 1110
2326, 2325, 2322
2326, 2322, 2324
2325, 219, 1111
2327, 220, 219
2327, 219, 2325
2327, 2325, 2326
2328, 1946, 1942
2329, 202, 210
2329, 1942, 202
2329, 2328, 1942
2330, 220, 2327
2330, 211, 220
2330, 2329, 210
2330, 210, 211
2331, 2328, 2329
2331, 2329, 2330
2331, 2330, 2327
2331, 2327, 2326
2332, 502, 501
2332, 501, 1955
2333, 1956, 1946
2333, 1946, 2328
2333, 2332, 1955
2333, 1955, 1956
2334, 2326, 2324
2334, 2328, 2331
2334, 2333, 2328
2334, 2332, 2333
2334, 2331, 2326
2335, 2332, 2334
2335, 502, 2332
2335, 2324, 2321
2335, 2334, 2324
2336, 1913, 2337
2336, 1911, 1913
2338, 1959, 1915
2338, 2336, 2339
2338, 1915, 499
2338, 2339, 1959
2340, 499, 1914
2340, 1914, 1911
2340, 2338, 499
2340, 2336, 2338
2340, 1911, 2336
2341, 641, 638
2342, 1920, 1919
2342, 2343, 2341
2344, 2342, 2341
2344, 2341, 638
2344, 1920, 2342
2345, 2343, 2346
2345, 2341, 2343
2347, 2348, 2349
2347, 641, 2341
2347, 2345, 2348
2347, 2341, 2345
2350, 494, 496
2350, 2097, 494
2351, 2346, 2343
2351, 2350, 496
2351, 496, 2346
2352, 2342, 1919
2352, 2350, 2351
2352, 2351, 2343
2352, 2343, 2342
2353, 1965, 1960
2353, 1966, 1965
2354, 1960, 1953
2354, 2353, 1960
2354, 1953, 1954
2355, 2339, 2336
2355, 2336, 2337
2356, 2355, 2337
2356, 2337, 1890
2356, 1890, 1885
2357, 2356, 1885
2357, 1885, 1887
1963, 2357, 1887
2358, 1948, 2348
2358, 2345, 2346
2358, 2348, 2345
2358, 1930, 1948
2359, 1959, 2339
2360, 2354, 1954
2360, 1959, 2359
2360, 1958, 1959
2360, 1954, 1958
2361, 644, 1888
2361, 645, 644
1888, 641, 2347
2362, 1997, 645
2362, 645, 2361
2362, 2000, 1997
2363, 1971, 1973
2363, 1978, 2000
2363, 1973, 1978
2364, 2348, 1948
2364, 1947, 1949
2364, 1948, 1947
2364, 2349, 2348
2365, 1971, 2363
2365, 1949, 1969
2365, 1969, 1971
2366, 2105, 2104
2366, 2104, 2062
2367, 2062, 2063
2367, 2366, 2062
2367, 2063, 2088
2368, 2322, 1110
2368, 2323, 2322
2368, 1110, 684
2368, 684, 680
2369, 680, 678
2370, 2369, 678
2370, 678, 603
2370, 2105, 2366
2370, 602, 2105
2370, 603, 602
2371, 2367, 2088
2371, 2335, 2321
2371, 502, 2335
2371, 2088, 502
2372, 2116, 2114
2372, 2114, 1932
2372, 1932, 681
2373, 2372, 681
2373, 681, 683
2373, 683, 1931
2374, 2100, 2094
2374, 2319, 2100
2375, 1931, 57
2375, 2373, 1931
2375, 57, 59
2375, 59, 2319
2376, 1089, 806
2376, 1105, 1089
2376, 1107, 1105
2376, 634, 633
2376, 806, 634
2377, 1001, 2253
2377, 2251, 1001
2378, 2256, 2257
2378, 2255, 2256
2379, 2257, 884
2379, 2380, 2378
2379, 2378, 2257
2381, 2380, 2379
2381, 2251, 2377
2382, 2380, 2381
2382, 2381, 2377
2383, 1019, 1101
2383, 1100, 1019
2383, 1101, 2384
2383, 2384, 2385
2386, 2384, 1104
2386, 2385, 2384
2387, 1103, 1106
2387, 1104, 1103
2387, 2386, 1104
2388, 2383, 2385
2388, 1100, 2383
2388, 1099, 1100
2389, 2382, 2377
2390, 2179, 2389
2390, 2181, 2179
2390, 2253, 2252
2390, 2180, 2181
2390, 2252, 2180
2390, 2389, 2377
2390, 2377, 2253
2391, 2376, 633
2391, 633, 2160
2391, 1107, 2376
2391, 2160, 2159
2392, 2391, 2159
2392, 2159, 2135
2393, 2386, 2387
2393, 2391, 2392
2393, 1107, 2391
2393, 1106, 1107
2393, 2387, 1106
2394, 2254, 2255
2394, 2170, 2254
2394, 2255, 2378
2395, 2170, 2394
2395, 2169, 2170
2395, 2378, 2380
2395, 2394, 2378
2396, 745, 1099
2396, 1099, 2388
2396, 2134, 2177
2396, 2177, 745
2397, 1621, 1624
2398, 1624, 1751
2398, 2397, 1624
2399, 1750, 1760
2399, 1760, 1761
2399, 2398, 1751
2399, 1751, 1750
2400, 1725, 1611
2400, 753, 1725
2401, 1761, 2400
2401, 2398, 2399
2401, 2397, 2398
2401, 2400, 1611
2401, 2399, 1761
2401, 1610, 2397
2401, 1611, 1610
2402, 2297, 2299
2403, 2297, 2402
2404, 449, 444
2404, 2405, 449
2406, 2404, 444
2406, 2403, 2404
2407, 2299, 2302
2407, 2402, 2299
2407, 2302, 2301
2408, 475, 474
2408, 2407, 2301
2409, 2305, 2317
2409, 2306, 2305
2410, 468, 467
2410, 2306, 2409
2411, 2410, 2409
2411, 468, 2410
2412, 2407, 2408
2412, 2408, 474
2413, 2404, 2403
2413, 2403, 2402
2413, 2405, 2404
2413, 2412, 2405
2413, 2407, 2412
2413, 2402, 2407
2414, 2411, 2409
2414, 465, 2411
2414, 454, 465
2414, 2317, 2316
2414, 2409, 2317
2415, 472, 471
2415, 1140, 1139
2416, 476, 1143
2416, 2415, 471
2416, 1140, 2415
2416, 471, 477
2416, 477, 476
2416, 1143, 1140
2417, 1145, 469
2417, 469, 470
2417, 1146, 1145
2418, 691, 1155
2418, 1155, 1153
2418, 2300, 2281
2418, 2281, 691
2419, 462, 1137
2419, 1146, 2417
2419, 470, 464
2419, 464, 462
2419, 2417, 470
2419, 1137, 1141
2419, 1141, 1146
2420, 457, 1793
2420, 2421, 463
2420, 463, 457
2420, 1800, 2421
2420, 1793, 1795
2420, 1795, 1800
2422, 2421, 1800
2422, 461, 460
2422, 460, 2421
2422, 1800, 1801
2423, 1798, 2424
2423, 473, 472
2423, 2424, 473
2423, 1803, 1798
2425, 2424, 1798
2425, 1797, 451
2425, 451, 459
2425, 459, 2424
2425, 1798, 1797
2426, 456, 455
2426, 455, 458
2427, 458, 453
2427, 453, 446
2427, 446, 445
2428, 446, 454
2429, 448, 447
2429, 447, 450
2429, 450, 452
2430, 2426, 448
2430, 448, 2429
2431, 1843, 1851
2431, 1847, 1849
2431, 1851, 1847
2432, 1843, 2431
2432, 1840, 1839
2432, 1839, 1843
2433, 770, 1811
2433, 1811, 1840
2434, 2194, 2195
2434, 2195, 2433
2434, 2433, 1840
2435, 121, 120
2435, 2431, 1849
2435, 1849, 121
2436, 1820, 2206
2436, 2206, 2210
2436, 1815, 1819
2436, 1819, 1820
2437, 1804, 1817
2437, 1817, 1815
2438, 119, 122
2438, 122, 1805
2438, 1804, 2437
2438, 1805, 1804
2439, 1718, 2440
2439, 1719, 1718
2441, 2440, 1300
2441, 2439, 2440
2441, 1300, 1299
2442, 1299, 1393
2442, 2441, 1299
2443, 1305, 1720
2443, 1302, 1305
2444, 1302, 2443
2445, 2441, 2442
2445, 2439, 2441
2446, 1403, 1440
2446, 1440, 1447
2446, 1395, 1403
2447, 1393, 1392
2447, 1392, 1395
2447, 2442, 1393
2447, 1395, 2446
2448, 2447, 2446
2448, 2445, 2442
2448, 2442, 2447
2449, 1638, 1366
2449, 1366, 1365
2450, 1630, 1640
2450, 1720, 1630
2450, 1638, 2449
2450, 1640, 1638
2451, 2450, 2449
2451, 1720, 2450
2451, 2443, 1720
2452, 1340, 1399
2452, 1341, 1340
2452, 1399, 1326
2453, 1326, 1327
2453, 2452, 1326
2454, 2443, 2451
2454, 2444, 2443
2454, 1327, 2444
2454, 2453, 1327
2455, 1377, 1373
2455, 1373, 1375
2455, 1375, 2456
2457, 1703, 1626
2457, 2455, 2456
2457, 1626, 1629
2458, 2455, 2457
2458, 1629, 1719
2458, 2457, 1629
2459, 2453, 2454
2459, 2452, 2453
2459, 2454, 2451
2459, 1341, 2452
2460, 1341, 2459
2460, 1342, 1341
2460, 2459, 2451
2460, 2451, 2449
2460, 1365, 1342
2460, 2449, 1365
2461, 2445, 2448
2461, 2448, 2446
2461, 1447, 1449
2461, 2446, 1447
2462, 1449, 1445
2462, 2461, 1449
2462, 2445, 2461
2463, 1442, 1377
2463, 1444, 1442
2463, 1377, 2455
2463, 2455, 2458
2464, 2439, 2445
2464, 2445, 2462
2464, 1444, 2463
2464, 2462, 1445
2464, 1445, 1444
1719, 2464, 2463
1719, 2439, 2464
1719, 2463, 2458
2211, 2438, 2437
2201, 2212, 2209
2211, 2201, 119
2211, 119, 2438
2465, 2211, 2437
2465, 2437, 1815
2465, 2212, 2211
2465, 1815, 2436
2465, 2436, 2210
2465, 2210, 2212
2466, 2431, 2435
2466, 2435, 120
2466, 120, 2186
2466, 2432, 2431
2467, 1840, 2432
2467, 2466, 2186
2467, 2194, 2434
2467, 2186, 2194
2467, 2434, 1840
2467, 2432, 2466
116, 2430, 2429
116, 2429, 452
116, 452, 451
112, 457, 456
112, 2426, 2430
112, 2430, 116
112, 456, 2426
2468, 451, 1797
2468, 116, 451
2468, 113, 116
114, 1790, 571
114, 571, 115
114, 1797, 1790
114, 2468, 1797
114, 113, 2468
110, 572, 1789
110, 115, 572
110, 1789, 1793
2469, 111, 110
2469, 112, 111
2469, 1793, 457
2469, 457, 112
2469, 110, 1793
2470, 2403, 2406
2470, 2406, 444
2470, 446, 2428
2470, 444, 446
2471, 2414, 2316
2471, 2316, 2315
2471, 454, 2414
2471, 2403, 2470
2471, 2428, 454
2471, 2470, 2428
2472, 2471, 2315
2472, 2403, 2471
2472, 2297, 2403
2472, 2296, 2297
2472, 2315, 2296
2427, 2426, 458
2427, 448, 2426
2427, 445, 448
2473, 1801, 240
2473, 2422, 1801
2473, 461, 2422
461, 1137, 462
324, 2473, 240
324, 461, 2473
324, 240, 239
324, 325, 1137
324, 1137, 461
2474, 1803, 2423
2474, 2423, 472
313, 312, 1803
313, 1803, 2474
321, 1139, 322
321, 314, 313
2475, 2415, 1139
2475, 1139, 321
2475, 313, 2474
2475, 321, 313
2475, 472, 2415
2475, 2474, 472
2476, 2408, 2301
2476, 475, 2408
2477, 1143, 476
2477, 2476, 1152
2477, 1150, 1143
2477, 1152, 1150
2477, 476, 475
2477, 475, 2476
2478, 2476, 2301
2478, 2301, 2300
2478, 2300, 2418
2478, 1152, 2476
2478, 2418, 1153
2478, 1153, 1152
2479, 2306, 2410
2479, 2410, 467
2479, 2303, 2306
2480, 2280, 2303
2480, 1136, 2280
2480, 2303, 2479
2481, 1135, 1136
2481, 1148, 1135
2481, 1136, 2480
2481, 2480, 2479
2482, 469, 1145
2482, 1145, 1148
2482, 1148, 2481
2482, 2481, 2479
2482, 2479, 467
2482, 467, 469
2483, 2166, 2164
2483, 2164, 2169
2483, 2173, 2166
2484, 2135, 2134
2484, 2392, 2135
2485, 2179, 2173
2485, 2389, 2179
2485, 2173, 2483
2486, 2484, 2134
2486, 2134, 2396
2486, 2396, 2388
2487, 2386, 2393
2487, 2385, 2386
2487, 2393, 2392
2487, 2392, 2484
2486, 2388, 2385
2486, 2487, 2484
2486, 2385, 2487
2382, 2389, 2485
2488, 2395, 2380
2488, 2485, 2483
2488, 2382, 2485
2488, 2380, 2382
2488, 2483, 2169
2488, 2169, 2395
2489, 2094, 2093
2489, 2093, 2112
2489, 2374, 2094
2374, 2375, 2319
2490, 2111, 2116
2490, 2112, 2111
2490, 2489, 2112
2490, 2116, 2372
2491, 2372, 2373
2491, 2489, 2490
2491, 2374, 2489
2491, 2373, 2375
2491, 2375, 2374
2491, 2490, 2372
2492, 2323, 2368
2492, 2368, 680
2492, 680, 2369
2493, 2370, 2366
2493, 2369, 2370
2493, 2492, 2369
2493, 2366, 2367
2494, 2367, 2371
2494, 2492, 2493
2494, 2323, 2492
2494, 2493, 2367
2494, 2371, 2321
2494, 2321, 2323
2495, 1949, 2365
2495, 2364, 1949
2495, 2349, 2364
2496, 2000, 2362
2496, 2363, 2000
2496, 2495, 2365
2496, 2365, 2363
2496, 2349, 2495
2497, 2361, 1888
2497, 2349, 2496
2497, 1888, 2347
2497, 2347, 2349
2497, 2362, 2361
2497, 2496, 2362
2498, 2339, 2355
2498, 2359, 2339
2499, 2498, 2355
2499, 2355, 2356
2499, 2356, 2357
2500, 1966, 2353
2500, 2357, 1963
2500, 2499, 2357
2500, 2498, 2499
2500, 1963, 1966
2501, 2354, 2360
2501, 2498, 2500
2501, 2500, 2353
2501, 2353, 2354
2501, 2360, 2359
2501, 2359, 2498
2502, 2309, 2312
2502, 3, 2309
2502, 2312, 2310
2503, 2310, 2308
2503, 2308, 2302
2503, 2502, 2310
2504, 2314, 2294
2504, 2294, 2298
2504, 2298, 1
2505, 2304, 2284
2505, 2305, 2304
2505, 2284, 2314
2505, 2314, 2504
2506, 2299, 125
2506, 2302, 2299
2506, 2502, 2503
2506, 2503, 2302
127, 2506, 125
127, 2502, 2506
127, 3, 2502
130, 2504, 1
2507, 2317, 2305
2507, 2505, 2504
2507, 2305, 2505
2507, 2504, 130
2507, 130, 129
2507, 129, 2317
2508, 2509, 139
2508, 1084, 2509
2508, 139, 138
2508, 1082, 1084
2510, 1076, 1082
2510, 2508, 138
2510, 1082, 2508
2510, 478, 479
2510, 138, 478
2510, 479, 1076
103, 6, 8
103, 2246, 6
103, 8, 104
103, 2250, 2246
2511, 2250, 103
2511, 2249, 2250
2511, 106, 2203
2511, 2203, 2249
2511, 103, 106
2512, 2247, 2248
2512, 104, 2247
2512, 107, 104
108, 2187, 2189
108, 2189, 105
108, 107, 2512
108, 2248, 2187
108, 2512, 2248
2513, 2142, 2149
2513, 2143, 2142
2514, 2146, 2141
2514, 2141, 2137
2514, 2513, 2149
2514, 2149, 2146
2515, 2152, 2132
2515, 2132, 2157
2516, 2139, 2150
2516, 2150, 2152
2516, 2152, 2515
2517, 2137, 2174
2517, 2513, 2514
2517, 2174, 2133
2517, 2514, 2137
2518, 2167, 2176
2518, 2165, 2167
2518, 2176, 2139
2518, 2139, 2516
2518, 2516, 2515
2519, 2144, 2143
2519, 2143, 2513
2519, 2136, 2144
2519, 2513, 2517
2519, 2517, 2133
2519, 2133, 2136
2520, 2163, 2165
2520, 2157, 2163
2520, 2518, 2515
2520, 2165, 2518
2520, 2515, 2157
2521, 2052, 2058
2521, 2089, 2091
2521, 2091, 2052
2521, 2075, 2076
2521, 2058, 2075
2521, 2076, 2089
2522, 2015, 506
2522, 506, 505
2522, 2032, 2015
2522, 2034, 2032
2523, 2067, 2059
2523, 2046, 2034
2523, 2034, 2522
2523, 505, 2067
2523, 2522, 505
2523, 2059, 2046
2524, 2012, 2027
2524, 2055, 2071
2524, 2027, 2028
2524, 2043, 2055
2524, 2028, 2043
2525, 2012, 2524
2525, 2071, 2066
2525, 2524, 2071
2525, 2005, 2012
2525, 528, 2005
2525, 2066, 528
2526, 1917, 1902
2526, 668, 1822
2526, 540, 1917
2526, 541, 540
2526, 1822, 541
2526, 1902, 668
2527, 2044, 2051
2527, 547, 546
2527, 546, 2044
2527, 2051, 2097
2528, 1923, 547
2528, 1919, 1923
2528, 2352, 1919
2528, 2350, 2352
2528, 547, 2527
2528, 2527, 2097
2528, 2097, 2350
2529, 2045, 551
2529, 2054, 2045
2529, 551, 1916
2529, 1916, 1914
2530, 2086, 2054
2530, 2054, 2529
2530, 2529, 1914
2530, 498, 2086
2530, 1914, 498
2020, 2038, 2037
2020, 2018, 2038
2037, 66, 2020
2037, 67, 66
2019, 2018, 2020
2020, 70, 2001
66, 70, 2020
66, 68, 69
2531, 1878, 2029
2531, 2029, 2003
2531, 1853, 1878
2531, 2003, 1883
2531, 1848, 1853
2531, 1883, 1848
335, 1936, 1934
335, 1934, 332
2532, 1897, 1909
2532, 1901, 1897
2532, 1925, 1901
2533, 1907, 1890
2533, 1890, 2337
2533, 2532, 1909
2533, 1909, 1907
2534, 1910, 1905
2534, 2344, 638
2534, 638, 640
2534, 640, 1910
1913, 2533, 2337
2535, 1913, 1912
2535, 1922, 1925
2535, 2532, 2533
2535, 1912, 1922
2535, 2533, 1913
2535, 1925, 2532
2536, 1903, 1918
2536, 1918, 1920
2536, 2534, 1905
2536, 1905, 1903
2536, 2344, 2534
2536, 1920, 2344
245, 244, 1799
245, 230, 229
234, 236, 264
2537, 1795, 1792
2537, 1799, 1795
2537, 230, 245
2537, 245, 1799
2538, 2537, 1792
2538, 1785, 1794
2538, 230, 2537
2538, 1792, 1785
2538, 1794, 231
2538, 231, 230
2539, 264, 263
2539, 263, 1791
2539, 1791, 1796
2540, 1796, 1802
2540, 234, 264
2540, 1802, 235
2540, 235, 234
2540, 264, 2539
2540, 2539, 1796
2541, 2239, 2245
2541, 1625, 2217
2541, 2217, 2239
2541, 2245, 1752
2542, 1751, 1624
2542, 1625, 2541
2542, 1624, 1623
2542, 1623, 1625
2542, 2541, 1752
2542, 1752, 1748
2542, 1748, 1751
2543, 1760, 1750
2543, 1750, 1747
2543, 1747, 1745
2543, 1745, 1765
2543, 1764, 1760
2543, 1765, 1764
2544, 1734, 1700
2544, 1562, 1734
2544, 1571, 1562
2545, 1731, 1555
2545, 1732, 1731
2545, 1555, 1576
2545, 1648, 1732
2546, 1700, 1667
2546, 1667, 1668
2546, 2544, 1700
2547, 1733, 1589
2547, 1571, 2544
2547, 1589, 1571
2547, 2544, 2546
2547, 1670, 1733
2547, 1668, 1670
2547, 2546, 1668
2548, 1724, 1695
2548, 2545, 1576
2548, 1695, 1662
2548, 1662, 1648
2548, 1576, 1591
2548, 1591, 1724
2548, 1648, 2545
2549, 1722, 1721
2549, 1723, 1722
2549, 1721, 1308
2550, 1308, 1298
2550, 1298, 1300
2550, 2549, 1308
2551, 1716, 1717
2551, 1304, 1312
2551, 1631, 1304
2551, 1312, 1716
2551, 1717, 1632
2551, 1632, 1631
2552, 1718, 1707
2552, 1300, 2440
2552, 2440, 1718
2552, 1707, 1723
2552, 1723, 2549
2552, 2549, 2550
2552, 2550, 1300
1305, 1303, 1304
1305, 1304, 1631
1305, 1631, 1720
2553, 1715, 1714
2553, 1730, 1715
2553, 1714, 1708
2554, 1708, 1627
2554, 1627, 1702
2554, 2553, 1708
2555, 1705, 1699
2555, 2554, 1702
2555, 1702, 1705
2555, 1699, 1701
2556, 1701, 1730
2556, 2553, 2554
2556, 2554, 2555
2556, 1730, 2553
2556, 2555, 1701
2557, 1651, 1636
2557, 1698, 1649
2557, 1649, 1651
2557, 44, 1698
2558, 2557, 1636
2558, 1706, 45
2558, 1636, 1706
2558, 45, 44
2558, 44, 2557
2559, 1681, 1679
2559, 1674, 1681
2559, 1672, 1674
2559, 1478, 1474
2559, 1679, 1478
2560, 1672, 2559
2560, 1466, 1685
2560, 1685, 1687
2560, 1687, 1672
2560, 2559, 1474
2560, 1474, 1466
2561, 1621, 2397
2561, 2397, 1610
2561, 1583, 1585
2561, 1610, 1612
2561, 1612, 1583
2561, 1585, 1621
2562, 1493, 1492
2562, 1492, 1507
2563, 1505, 1496
2563, 1496, 1497
2563, 2562, 1507
2563, 1507, 1505
2564, 1509, 1502
2564, 1502, 1503
1508, 1509, 2564
2565, 1497, 1512
2565, 2562, 2563
2565, 1512, 1511
2565, 2563, 1497
2566, 1514, 1498
2566, 1494, 1514
2566, 1498, 1500
2566, 1500, 1508
2566, 1508, 2564
2567, 1529, 1493
2567, 1493, 2562
2567, 2562, 2565
2567, 1511, 1529
2567, 2565, 1511
2568, 1526, 1528
2568, 2566, 2564
2568, 1528, 1494
2568, 1494, 2566
2568, 2564, 1503
2568, 1503, 1526
2569, 1030, 1454
2569, 1454, 1458
2569, 1049, 1030
2569, 1051, 1049
2570, 1460, 1009
2570, 1461, 1460
2570, 1061, 1063
2570, 1009, 1061
2571, 1464, 1475
2571, 1465, 1464
2571, 2569, 1458
2571, 1458, 1465
2572, 2571, 1475
2572, 1476, 1456
2572, 1051, 2569
2572, 1475, 1476
2572, 2569, 2571
2572, 1456, 1051
1660, 1455, 1477
1660, 1063, 1455
2573, 1468, 1461
2573, 2570, 1063
2573, 1461, 2570
2573, 1063, 1660
2573, 1660, 1468
2574, 1378, 1384
2574, 1379, 1378
2575, 1382, 1376
2575, 1376, 1363
2575, 2574, 1384
2575, 1384, 1382
2576, 1370, 1371
2576, 1387, 1370
2576, 1371, 1357
2577, 1369, 1385
2577, 1367, 1369
2577, 1385, 1387
2577, 1387, 2576
2578, 1362, 1354
2578, 1363, 1362
2578, 2574, 2575
2578, 2575, 1363
2579, 1357, 1207
2579, 1355, 1353
2579, 1207, 1355
2579, 2576, 1357
2580, 1188, 1359
2580, 1354, 1188
2580, 2578, 1354
2580, 1359, 1379
2580, 1379, 2574
2580, 2574, 2578
2581, 1338, 1367
2581, 1353, 1338
2581, 1367, 2577
2581, 2576, 2579
2581, 2577, 2576
2581, 2579, 1353
1331, 304, 1330
1331, 1332, 304
2582, 1314, 1313
2582, 1282, 1294
2582, 1319, 1314
2582, 1313, 1282
2583, 1280, 1309
2583, 1277, 1280
2583, 1306, 1277
2584, 2582, 1294
2584, 1319, 2582
2584, 1320, 1319
2585, 1294, 1296
2585, 1320, 2584
2585, 2584, 1294
2586, 1317, 1320
2586, 1320, 2585
2587, 1296, 1307
2587, 2585, 1296
2587, 2586, 2585
2587, 1307, 1306
2587, 1306, 2583
2588, 2587, 2583
2588, 2586, 2587
2588, 1309, 1311
2588, 2583, 1309
2588, 1311, 1317
2588, 1317, 2586
1275, 27, 26
25, 27, 1289
25, 28, 26
25, 1327, 28
2444, 25, 1289
2444, 1289, 1302
2444, 1327, 25
2589, 578, 1329
2589, 1329, 1391
2590, 1299, 1297
2590, 2589, 1391
2590, 1393, 1299
2590, 1391, 1393
2589, 2590, 1297
2589, 1297, 576
2589, 576, 578
92, 1165, 1249
92, 1249, 1248
91, 1237, 1255
91, 1255, 1257
91, 93, 1237
89, 92, 1248
89, 1248, 1215
89, 1215, 94
1165, 1257, 1158
88, 91, 1257
1165, 88, 1257
88, 1165, 92
86, 1431, 84
86, 1200, 1180
86, 1180, 1431
2591, 1202, 1216
2591, 951, 1201
2591, 1230, 980
2591, 980, 951
2591, 1201, 1202
2591, 1242, 1230
2591, 1216, 1242
2592, 1436, 1423
2592, 1435, 1436
2592, 1423, 1182
2592, 1212, 1435
2593, 1190, 1193
2593, 1212, 2592
2593, 1193, 1213
2593, 1213, 1212
2593, 1182, 1190
2593, 2592, 1182
2594, 1411, 1335
2594, 1334, 1352
2594, 1335, 1334
1209, 2594, 1352
2595, 1204, 1425
2595, 2594, 1209
2595, 1411, 2594
2595, 1425, 1422
2595, 1422, 1411
2595, 1208, 1204
2595, 1209, 1208
2596, 2268, 2272
2596, 1163, 2268
2597, 1162, 1164
2597, 1159, 1162
2597, 1164, 1163
2597, 1163, 2596
2598, 2596, 2272
2598, 2272, 1172
2598, 1172, 1171
2599, 2596, 2598
2599, 2597, 2596
2599, 1159, 2597
2600, 2269, 1160
2601, 2599, 2598
2601, 2598, 1171
2601, 1171, 2269
2601, 2269, 2600
2602, 2599, 2601
2602, 2601, 2600
2602, 1157, 1159
2602, 1159, 2599
2603, 1161, 1166
2603, 1166, 1157
2603, 1157, 2602
2603, 2602, 2600
2603, 2600, 1160
2603, 1160, 1161
2604, 1149, 1126
2604, 1142, 1149
2604, 346, 345
2604, 1126, 346
2605, 1115, 1147
2605, 337, 1115
2605, 1147, 1144
338, 337, 2605
329, 1141, 330
329, 338, 2605
329, 328, 338
317, 345, 319
317, 316, 1138
2606, 1146, 1141
2606, 329, 2605
2606, 1141, 329
2606, 1144, 1146
2606, 2605, 1144
2607, 1140, 1142
2607, 2604, 345
2607, 1142, 2604
2607, 317, 1138
2607, 1138, 1140
2607, 345, 317
2608, 1125, 1127
2608, 354, 1125
2608, 1127, 1130
353, 354, 2608
349, 1128, 350
349, 353, 2608
349, 351, 353
2609, 1117, 1114
2609, 1114, 361
2609, 361, 360
2610, 1121, 1123
2610, 1123, 1119
2610, 2609, 360
2610, 1119, 1117
2610, 1117, 2609
357, 2610, 360
357, 360, 358
357, 356, 1121
357, 1121, 2610
2611, 1128, 349
2611, 349, 2608
2611, 2608, 1130
2611, 1129, 1128
2611, 1130, 1129
1101, 1020, 1039
2612, 1053, 2251
2612, 2251, 2381
2612, 1055, 1053
2612, 2381, 2379
2613, 854, 857
2613, 882, 1102
2613, 857, 882
2613, 1039, 854
2614, 886, 867
2614, 867, 1056
2614, 1056, 1055
2614, 1055, 2612
2615, 1104, 2384
2615, 2384, 1101
2615, 1102, 1104
2615, 1039, 2613
2615, 1101, 1039
2615, 2613, 1102
2616, 2379, 884
2616, 2614, 2612
2616, 884, 886
2616, 886, 2614
2616, 2612, 2379
391, 905, 392
362, 391, 364
388, 387, 918
366, 368, 388
2617, 1085, 907
2617, 363, 1087
2617, 1087, 1085
2617, 391, 362
2617, 362, 363
2618, 2617, 907
2618, 906, 905
2618, 391, 2617
2618, 907, 906
2618, 905, 391
2619, 918, 919
2619, 919, 873
2619, 388, 918
2619, 873, 872
2620, 2264, 1096
2620, 872, 2264
2620, 366, 388
2620, 1096, 367
2620, 367, 366
2620, 388, 2619
2620, 2619, 872
2621, 915, 938
2621, 938, 936
2621, 383, 384
2621, 384, 915
2622, 942, 922
2622, 922, 380
2622, 380, 379
2623, 1080, 372
2623, 936, 1080
2623, 383, 2621
2623, 2621, 936
75, 1083, 72
371, 2623, 372
371, 373, 383
371, 383, 2623
2624, 73, 940
2624, 2622, 379
2624, 940, 942
2624, 942, 2622
379, 71, 2624
71, 75, 72
71, 73, 2624
379, 74, 71
2625, 588, 1360
2625, 963, 588
2625, 972, 963
2625, 1360, 1358
2626, 1358, 1186
2626, 1186, 585
2626, 972, 2625
2626, 2625, 1358
2627, 1356, 1372
2627, 1185, 1356
2627, 582, 1185
2628, 948, 993
2628, 972, 2626
2628, 947, 948
2628, 2626, 585
2628, 585, 947
2628, 993, 972
2629, 990, 988
2629, 967, 990
2630, 988, 580
2630, 2629, 988
2630, 580, 582
2630, 582, 2627
2631, 2630, 2627
2631, 2629, 2630
2631, 1372, 1074
2631, 2627, 1372
2631, 1074, 968
2631, 968, 967
2631, 967, 2629
2632, 594, 1388
2632, 1058, 594
2632, 1059, 1058
2632, 1388, 1386
2633, 1386, 1348
2633, 1348, 1343
2633, 1059, 2632
2633, 1066, 1059
2633, 1343, 1066
2633, 2632, 1386
2634, 1380, 1383
2634, 1070, 1381
2634, 1044, 1070
2634, 1381, 1380
2635, 1044, 2634
2635, 1383, 590
2635, 2634, 1383
2635, 590, 1042
2635, 1042, 1044
2636, 844, 841
2636, 923, 844
2637, 973, 992
2637, 2636, 841
2637, 841, 973
2638, 861, 863
2638, 863, 927
2638, 977, 996
2638, 996, 861
2638, 927, 976
2638, 976, 977
2639, 992, 952
2639, 952, 982
2639, 2637, 992
2639, 2636, 2637
2640, 2636, 2639
2640, 955, 923
2640, 923, 2636
2640, 981, 955
2640, 2639, 982
2640, 982, 981
2641, 941, 16
2641, 16, 934
2641, 934, 929
2642, 935, 937
2642, 930, 935
2643, 921, 939
2643, 859, 921
2643, 939, 941
2643, 941, 2641
909, 2642, 937
909, 937, 914
2644, 956, 931
2644, 928, 956
2644, 931, 930
2644, 930, 2642
2645, 831, 924
2645, 2642, 909
2645, 2644, 2642
2645, 924, 928
2645, 928, 2644
2645, 909, 831
2646, 858, 859
2646, 859, 2643
2646, 925, 858
2647, 929, 926
2647, 2643, 2641
2647, 2646, 2643
2647, 926, 925
2647, 925, 2646
2647, 2641, 929
2648, 892, 894
2648, 400, 892
399, 400, 2648
395, 916, 396
395, 399, 2648
395, 397, 399
406, 899, 407
2649, 887, 899
2649, 899, 406
2649, 890, 887
2650, 891, 911
2650, 911, 890
2650, 890, 2649
403, 2649, 406
403, 406, 404
403, 2650, 2649
403, 402, 891
403, 891, 2650
2651, 916, 395
2651, 395, 2648
2651, 894, 893
2651, 2648, 894
2651, 913, 916
2651, 893, 913
2652, 885, 2256
2652, 2256, 874
2653, 878, 881
2653, 879, 878
2654, 865, 883
2654, 870, 865
2654, 883, 885
2654, 885, 2652
2655, 845, 869
2655, 2653, 881
2655, 881, 853
2655, 853, 845
2656, 2261, 871
2656, 2654, 2652
2656, 876, 2261
2656, 2652, 874
2656, 874, 876
2657, 903, 870
2657, 873, 903
2657, 2656, 871
2657, 871, 873
2657, 2654, 2656
2657, 870, 2654
2658, 2655, 869
2658, 2653, 2655
2658, 869, 901
2658, 901, 908
2659, 1086, 1092
2659, 2653, 2658
2659, 908, 1086
2659, 1092, 879
2659, 879, 2653
2659, 2658, 908
2660, 842, 834
2660, 834, 824
2661, 843, 842
2661, 842, 2660
2661, 970, 843
2661, 829, 970
2662, 855, 827
2662, 856, 855
2662, 2661, 2660
2662, 827, 829
2662, 829, 2661
2663, 862, 817
2663, 822, 836
2663, 836, 862
2664, 868, 850
2664, 850, 820
2664, 820, 822
2664, 822, 2663
2665, 819, 1037
2665, 2664, 2663
2665, 817, 819
2665, 2663, 817
2665, 1037, 868
2665, 868, 2664
2666, 856, 2662
2666, 2662, 2660
2666, 824, 826
2666, 2660, 824
2666, 852, 856
2666, 826, 852
433, 801, 434
433, 413, 802
433, 802, 801
433, 414, 413
2667, 800, 805
2667, 792, 800
2667, 430, 792
2667, 805, 1093
2667, 1093, 1095
2668, 1095, 23
2668, 23, 21
2668, 429, 1095
428, 1095, 429
428, 2667, 1095
428, 430, 2667
2669, 1097, 2263
2669, 2263, 798
2669, 421, 1097
422, 421, 2669
425, 423, 422
425, 422, 2669
2670, 798, 793
2670, 793, 426
2670, 426, 425
2670, 425, 2669
2670, 2669, 798
2671, 1485, 783
2671, 1841, 767
2671, 1867, 1841
2671, 783, 1867
2671, 769, 1485
2671, 767, 769
2672, 1506, 740
2672, 733, 1504
2672, 1504, 1506
2672, 737, 735
2672, 735, 733
2672, 740, 737
2673, 1471, 1457
2673, 1524, 715
2673, 1472, 1471
2673, 715, 1472
2674, 709, 708
2674, 1524, 2673
2674, 2673, 1457
2674, 1457, 709
2675, 2674, 708
2675, 1524, 2674
2675, 1482, 1491
2675, 708, 1482
2675, 1523, 1524
2675, 1491, 1523
2676, 1908, 662
2676, 1906, 1908
2676, 664, 2148
2676, 662, 664
2148, 1906, 2676
2148, 654, 656
2148, 656, 1906
2677, 2161, 635
2677, 2145, 2161
2677, 631, 620
2677, 620, 2131
2677, 2131, 2145
2677, 635, 631
2678, 1886, 655
2678, 655, 652
2678, 652, 618
2678, 618, 1962
2678, 1962, 1887
2678, 1887, 1886
2679, 839, 821
2679, 821, 823
2679, 823, 849
2680, 851, 826
2680, 826, 825
2680, 846, 851
2681, 866, 889
2681, 2679, 849
2681, 849, 866
2681, 889, 888
2682, 910, 860
2682, 2679, 2681
2682, 860, 839
2682, 839, 2679
2682, 888, 910
2682, 2681, 888
2683, 912, 896
2683, 833, 832
2683, 832, 912
2684, 895, 847
2684, 2683, 896
2684, 896, 895
2684, 847, 846
2684, 846, 2680
2685, 825, 840
2685, 2684, 2680
2685, 2683, 2684
2685, 840, 833
2685, 2680, 825
2685, 833, 2683
2686, 1035, 1025
2686, 830, 1035
2686, 828, 830
2686, 1025, 1027
2687, 1027, 596
2687, 596, 589
2687, 2686, 1027
2688, 1034, 819
2688, 1013, 1034
2688, 819, 818
2689, 591, 595
2689, 595, 1014
2689, 1014, 1013
2689, 1013, 2688
2690, 589, 586
2690, 586, 964
2690, 2687, 589
2691, 969, 828
2691, 2690, 964
2691, 2686, 2687
2691, 964, 969
2691, 2687, 2690
2691, 828, 2686
2692, 966, 968
2692, 2688, 818
2692, 968, 592
2692, 818, 966
2693, 592, 591
2693, 591, 2689
2693, 2688, 2692
2693, 2689, 2688
2693, 2692, 592
2694, 1179, 1178
2694, 1183, 1179
2694, 1191, 1183
2695, 1187, 1191
2695, 583, 1187
2695, 1191, 2694
2696, 2694, 1178
2696, 1178, 1181
2696, 1181, 1198
2696, 2695, 2694
2697, 945, 584
2697, 2695, 2696
2697, 584, 583
2697, 583, 2695
2697, 2696, 1198
2697, 1198, 945
2698, 1189, 579
2698, 579, 581
2698, 1206, 1189
2699, 2698, 581
2699, 581, 946
2699, 946, 1196
2700, 2698, 2699
2700, 1176, 1175
2700, 1175, 1206
2700, 1206, 2698
2701, 1196, 1195
2701, 2700, 2699
2701, 1195, 1176
2701, 1176, 2700
2701, 2699, 1196
2702, 1266, 1265
2702, 1265, 439
2703, 1285, 1274
2703, 78, 1285
76, 78, 2703
2703, 1274, 1266
2703, 1266, 2702
438, 2702, 439
438, 76, 2703
438, 2703, 2702
437, 1292, 77
438, 437, 76
437, 77, 76
436, 1292, 437
436, 443, 2704
81, 1262, 577
81, 577, 82
81, 573, 1262
80, 443, 441
80, 441, 573
80, 2704, 443
80, 573, 81
2705, 83, 1278
2705, 1278, 1293
2704, 79, 2705
2704, 80, 79
79, 83, 2705
79, 81, 82
2706, 2705, 1293
2706, 1293, 1292
2706, 436, 2704
2706, 1292, 436
2706, 2704, 2705
2707, 1375, 1450
2707, 1680, 1697
2707, 1450, 1473
2707, 1473, 1680
2707, 2456, 1375
2708, 2707, 1697
2708, 1703, 2457
2708, 1697, 1704
2708, 1704, 1703
2708, 2457, 2456
2708, 2456, 2707
2709, 2192, 1516
2709, 770, 2433
2709, 2433, 2195
2709, 2195, 2192
2709, 768, 770
2709, 1516, 768
2710, 516, 2292
2710, 2292, 511
2710, 511, 509
520, 13, 10
13, 503, 14
520, 10, 526
13, 520, 519
13, 519, 517
2711, 509, 507
2711, 507, 2006
2711, 13, 517
2711, 517, 516
2711, 516, 2710
2711, 2710, 509
2712, 13, 2711
2712, 2711, 2006
2712, 2006, 164
2712, 164, 503
2712, 503, 13
2713, 2346, 496
2713, 1928, 1930
2713, 2099, 1928
2713, 2358, 2346
2713, 1930, 2358
2713, 495, 2099
2713, 496, 495
2714, 1078, 932
2714, 490, 1078
2714, 488, 490
2714, 493, 488
2714, 961, 493
2714, 958, 961
2714, 932, 958
2715, 19, 18
2715, 18, 482
2715, 482, 1259
2715, 1259, 484
2715, 487, 19
2715, 484, 487
2716, 1759, 720
2716, 753, 2400
2716, 720, 753
2716, 1761, 1759
2716, 2400, 1761
2717, 2412, 474
2717, 2405, 2412
2717, 474, 477
2718, 477, 471
2718, 471, 473
2718, 2717, 477
2719, 2411, 465
2719, 468, 2411
2719, 466, 468
2720, 470, 466
2720, 464, 470
2720, 466, 2719
2721, 2421, 460
2721, 463, 2421
2721, 2720, 2719
2721, 460, 464
2721, 464, 2720
2722, 2424, 459
2722, 473, 2424
2722, 2718, 473
2723, 2721, 2719
2723, 455, 463
2723, 463, 2721
2723, 453, 455
2723, 2719, 465
2723, 465, 453
2724, 450, 449
2724, 2717, 2718
2724, 449, 2405
2724, 2405, 2717
2724, 2722, 459
2724, 459, 450
2724, 2718, 2722

